array([[ -1.43108596e+00,  -5.30758545e-01,   4.73099772e-02,
          6.19243754e-01,  -3.27079280e-01,  -1.11688034e-01,
         -4.62571734e-01,  -5.53619938e-01,   2.16521208e+00],
       [  7.77394921e-01,  -3.82288836e-01,  -1.76244866e-01,
         -1.39656989e+00,  -8.94645598e-01,   2.06950543e+00,
         -1.25298305e+00,   3.10725544e-01,   7.61735778e-01],
       [ -2.56603257e-01,  -1.81267097e+00,   1.36490760e+00,
          7.97974820e-01,  -1.00037636e+00,   9.15791879e-01,
         -7.55288902e-01,   3.81142079e-01,   1.28233452e+00],
       [  2.67990661e+00,   4.29171831e-02,   1.16734051e+00,
         -2.34099305e+00,   1.21023133e-01,  -1.16133962e+00,
         -1.08752517e+00,   4.24382457e+00,  -3.22253503e+00],
       [  3.95216645e-01,  -4.19380014e-01,  -9.31646505e-01,
         -6.72033006e-01,   1.12289653e+00,  -1.94064632e+00,
          2.94455727e-01,   3.40473988e+00,  -1.12508962e+00],
       [ -3.26056911e+00,   2.07868595e+00,  -5.96923115e-01,
         -9.96512296e-01,   7.44069279e-01,  -2.45929385e-01,
          1.54568343e+00,  -3.68441777e-02,   7.79495558e-01],
       [ -2.02628698e+00,   2.25091705e+00,  -1.80774769e+00,
         -3.63987414e-01,   3.68080549e+00,  -6.11716499e-01,
         -2.42724468e+00,   2.59757358e+00,  -1.44972771e+00],
       [  8.61794106e-01,  -1.88244492e-01,   5.36749966e-01,
         -5.24331003e-01,  -9.95111646e-01,   3.32776588e-01,
         -1.05351441e-01,   2.95231980e-01,  -6.35545877e-01],
       [  3.81605892e-01,  -3.83640669e-01,  -3.39715304e-01,
          4.62529511e-01,  -1.72105838e-01,  -7.10690590e-02,
         -3.85799053e-01,   5.32941858e-01,   3.98314968e-02],
       [  2.39079430e+00,   1.71068126e+00,   1.57390780e-01,
          6.33165651e-01,  -1.76585036e+00,  -2.49874511e-01,
         -5.35963612e-01,  -1.24170478e+00,  -9.86591872e-01],
       [  1.53913661e-01,   9.11778859e-01,   2.46526068e+00,
          1.89850314e-01,  -4.12209966e+00,   9.75765285e-01,
         -2.76187002e+00,   3.62133346e-01,   1.37555127e+00],
       [ -6.32129100e-01,   5.86136748e-01,   7.91582427e-02,
          5.57545563e-01,  -2.82507464e+00,   2.41659953e+00,
         -7.66560447e-01,   5.89492481e-01,  -4.12693527e-01],
       [ -1.31481614e+00,  -4.54653925e-01,   3.37950476e-01,
          5.55579698e-01,  -3.97290703e-01,   1.24930758e+00,
         -7.13356853e-01,  -9.25107699e-01,   1.65864615e+00],
       [  8.05038173e-01,  -5.97068718e-01,  -2.12390793e+00,
          9.58876984e-01,  -1.05996908e+00,   2.64067261e+00,
          9.23653012e-01,  -7.56257258e-01,  -8.03314132e-01],
       [  3.78649179e-02,   1.81797754e-01,  -2.13421978e-01,
         -3.51936656e-01,  -3.40061276e-01,   6.45759240e-01,
          4.01384192e-01,  -2.74731584e-02,  -5.88595664e-01],
       [ -1.43607240e-01,   1.29245522e+00,  -2.08665973e-01,
          3.98711475e-02,   9.77993856e-02,   4.63079434e-01,
         -8.21619243e-01,   7.52095468e-02,  -1.13001294e+00],
       [ -2.66545684e-02,   6.43519706e-02,  -1.73645731e-01,
         -5.96711980e-02,  -3.38497344e-01,   3.96665958e-01,
         -6.07532209e-01,   1.31602311e-01,   1.88834223e-01],
       [ -1.62554998e+00,  -1.67970983e+00,  -1.56356394e+00,
         -3.41928220e-01,  -4.25242585e+00,  -3.41402795e-01,
          3.36424546e+00,   2.84829093e+00,   3.49771330e+00],
       [ -2.97434992e-01,   3.97746903e-01,  -4.95992831e-01,
         -1.94510293e-01,  -9.07379157e-02,   6.45035938e-01,
         -3.32884362e-01,  -2.85810874e-02,   6.92348007e-01],
       [ -3.42536042e-01,   3.02838689e-01,  -1.00795812e+00,
          5.24872605e-01,   1.94198368e-01,   1.21429059e-02,
          7.80464478e-02,   2.60743897e-01,   4.50536905e-01],
       [ -1.57761760e+00,  -2.00288845e+00,   1.55475883e+00,
          1.48595100e+00,  -7.51927778e-01,  -7.41044854e-01,
         -7.93458948e-02,   4.85847465e-01,   1.16531730e+00],
       [  6.47542365e-01,   1.85523182e+00,   7.65565526e-01,
         -6.77847680e-01,   5.12365680e-01,  -1.44747815e+00,
         -1.98601959e+00,  -6.33966045e-01,   6.57452500e-01],
       [ -1.24312922e-01,   1.22174967e-01,  -2.44172845e-01,
         -6.24702504e-01,  -7.89288793e-02,   4.07275208e-01,
         -4.68669074e-01,   4.16615842e-01,   4.47891583e-01],
       [ -4.56724085e+00,  -3.37393014e+00,   3.35517167e+00,
          7.38903045e+00,  -1.81131072e+00,  -3.39952082e-01,
         -6.60956912e+00,   3.03976551e+00,   3.08204577e+00],
       [  4.93955367e-01,  -6.06359993e-01,   6.34512609e-01,
          5.63996970e-01,   3.74495368e-01,  -7.44060635e-01,
         -8.63721615e-02,   3.50439645e-01,  -9.21791588e-01],
       [ -1.92414277e-01,   1.77243320e-01,   8.82840570e-01,
         -5.16038447e-01,  -2.75274745e-01,   4.06640842e-01,
         -3.13848499e-01,  -7.04706617e-01,   1.75081290e-01],
       [ -8.44277682e-01,  -7.53496368e-02,   5.18031961e-01,
         -6.25401623e-01,   6.51710440e-01,  -3.69250150e-01,
         -1.17236002e+00,   4.41485229e-01,   9.08970771e-01],
       [  3.96198773e-02,   1.92920072e-02,   7.72886046e-02,
          1.95648222e-02,  -6.93200443e-01,   3.68117027e-02,
         -3.46588493e-02,   1.98639789e-01,   1.19766181e-01],
       [ -4.97033241e-01,  -6.19232865e-01,   5.99072360e-01,
          2.42564152e-01,  -8.83312157e-01,  -4.89676858e-01,
         -1.18256812e-02,   6.31003941e-01,   8.37953360e-01],
       [  3.97823794e-01,   1.12071519e+00,   4.58022183e-01,
         -3.24198562e-01,   2.44289366e-01,  -1.66714941e-01,
         -1.47368008e+00,  -2.47682310e-01,   3.03377471e-01],
       [  9.51686453e-01,  -7.79307324e-01,  -4.28624306e-01,
         -4.41833517e-01,   3.51142090e-01,  -7.77124131e-01,
          7.81291555e-01,   2.04103755e-01,  -2.90774257e-01],
       [ -2.74532563e+00,   3.33238315e+00,   3.90362706e+00,
         -7.11349630e-01,  -1.56801023e+00,  -2.18502218e-01,
         -5.06998822e-01,  -2.14480225e-02,  -1.48261026e+00],
       [  4.14261310e-01,   1.12009473e+00,   4.69077786e-01,
         -4.24206392e+00,  -3.74718197e+00,   2.89178595e+00,
          6.35271992e-01,   1.70574474e+00,   9.28780214e-01],
       [ -3.63280609e-02,   1.16642051e-01,   5.31369441e-01,
          2.51664808e-01,  -3.51940350e-01,   2.27324994e-01,
         -4.18086824e-01,   1.65871409e-01,  -6.03796537e-01],
       [ -5.95578764e-01,  -6.64028135e-01,   1.66556588e+00,
          4.59287304e-01,  -5.62156652e-01,   1.04185417e+00,
         -1.13078776e+00,   4.67742785e-01,  -3.10009858e-01],
       [  1.83188373e+00,  -2.54273594e+00,   9.43863121e-01,
          1.95132719e+00,  -2.56794130e+00,   1.56213360e+00,
          3.80362362e-01,  -1.62605506e+00,   4.66873878e-01],
       [ -1.19508527e+00,   1.36475934e+00,  -8.04705109e-01,
          9.12847978e-01,   4.93435564e-01,  -3.39816818e-01,
         -1.33902699e+00,  -8.47155084e-01,   1.49157338e+00],
       [  1.15956267e+00,   6.96863116e-01,  -1.58133785e+00,
          1.57138232e-01,  -1.24448323e+00,   3.38556159e-01,
         -8.59338583e-01,   4.44397252e-01,   9.60877648e-01],
       [ -6.20760500e-01,   5.09091689e-01,   9.10237323e-02,
         -3.35033902e-01,   1.57801131e-01,   2.26176008e-01,
         -9.51980617e-01,   3.48601355e-02,   1.03434450e-01],
       [  6.24907796e-01,   4.27965764e+00,  -3.16824389e+00,
          1.08979095e+00,  -3.23063295e+00,   7.13632391e-01,
          1.05674553e+00,  -2.15062582e+00,   1.72481225e-01],
       [ -5.97539251e-01,   1.48480665e+00,  -1.47603731e-01,
          1.74325260e-01,  -6.87402071e-01,   1.44280730e-01,
         -2.57647107e-01,  -2.15275189e-01,   4.81377446e-02],
       [ -1.63358879e+00,  -2.06093648e-02,  -3.51952266e-02,
         -4.17035569e-01,   2.27311515e-01,  -1.86575742e+00,
          1.69317741e+00,   1.68245487e+00,   4.46690695e-01],
       [ -1.15004964e-01,  -4.09849936e-01,   1.42610879e-01,
         -5.17129874e-01,   1.03127623e-01,   2.17502157e-01,
          6.72842949e-01,   1.37359598e-01,  -9.69123990e-02],
       [ -5.64356421e-01,   1.62558325e-01,   7.24697742e-01,
          2.18352375e+00,  -1.68673696e+00,  -5.54379209e-01,
         -5.05919230e-01,   1.21394648e+00,  -1.16887527e+00],
       [  3.65600351e-01,  -3.14618247e-01,  -8.08076910e-02,
          2.61209085e-01,  -6.32434501e-03,   3.79802065e-01,
         -4.51926917e-01,  -2.16132310e-01,  -1.63053126e-01],
       [ -1.11317080e+00,   5.36644697e-01,   7.52277448e-01,
         -7.63219110e-01,  -1.37759022e+00,   1.60708339e+00,
         -9.38146301e-01,  -8.22535455e-01,   1.96618172e+00],
       [ -6.17265360e-02,   6.86000292e-02,  -3.62418441e-01,
          5.91761427e-01,   6.04695829e-01,  -7.32224786e-01,
          1.15346746e-01,   4.91045587e-01,  -4.50565688e-01],
       [ -1.80593988e-01,   4.98905254e-01,  -6.02367929e-01,
         -1.95555640e-01,  -3.16340431e-01,  -1.11904872e-01,
         -9.21990920e-01,   5.32806770e-01,   1.19567224e+00],
       [  1.56255324e-01,   1.17004791e+00,  -6.86749803e-01,
         -1.43530613e-01,  -4.07430491e-01,   1.35528738e+00,
          1.57894478e+00,  -1.36368541e+00,  -2.31951410e+00],
       [  2.47531128e+00,   1.24027015e+00,   4.65521336e-01,
         -7.24073743e-01,  -2.89789815e+00,   2.43381640e+00,
         -3.69157511e-01,   1.38131513e+00,  -3.70039523e+00],
       [ -6.91180994e-01,  -8.86806657e-01,  -1.36959040e-01,
          4.86306622e-01,   8.18647787e-02,   2.78113799e-01,
          1.31834371e+00,   2.14196085e-01,  -2.87914379e-01],
       [ -3.58798404e-01,   2.23123522e+00,  -7.90438822e-01,
          1.95236923e+00,   1.68589918e-01,   8.82362668e-01,
         -1.54752192e+00,  -2.09699592e+00,  -6.59733220e-01],
       [ -3.20058768e-02,   2.17547684e-01,   2.03274126e-01,
         -4.86580432e-01,  -5.86756317e-01,   2.76730824e-02,
          4.45598607e-03,   4.84484843e-01,   1.88011165e-01],
       [  1.77148618e+00,   8.83872503e-01,   7.83202889e-01,
         -1.67206744e-01,  -9.62295452e-01,  -3.83593348e+00,
         -4.75748618e-01,   2.20616116e+00,   7.28465590e-02],
       [  2.21294777e+00,  -3.71820993e-01,  -1.60187533e-02,
          5.55805240e-01,  -1.85564722e+00,   1.57995054e+00,
         -7.33037565e-01,  -1.76407641e+00,   5.09908120e-01],
       [ -2.84877592e+00,   2.17282399e-01,   2.26233932e+00,
          3.95335554e+00,  -3.66502858e-01,  -3.55073727e+00,
         -2.62128237e+00,   6.08454059e-01,   1.99495755e+00],
       [ -6.33133221e-01,  -1.97898354e-01,  -3.02369835e-01,
          6.53405567e-01,  -2.30271878e-03,   3.75194449e-01,
          1.06336746e+00,  -3.88419575e-01,  -4.79424640e-01],
       [ -2.47624358e-01,  -2.80728390e+00,  -1.74083518e+00,
          1.15547612e+00,   7.66699057e-01,  -1.77359685e+00,
          1.46855621e+00,   1.15078839e+00,   2.29605171e+00],
       [ -7.23452283e-01,  -1.44537866e+00,  -8.66378041e-01,
          1.64933088e+00,  -6.63118972e-01,   8.71226137e-01,
          5.26872238e-01,   6.36824847e-01,   8.31426402e-01],
       [  3.30495979e-01,  -7.06345939e-01,   1.22046656e+00,
         -1.33396413e+00,  -1.75869411e+00,   1.07472164e+00,
         -4.35233610e-01,   1.28026130e+00,   3.92509942e-01],
       [  1.67009965e-01,   8.58573675e-01,  -5.18543360e-01,
         -1.28300911e+00,  -8.13522666e-01,  -4.97118528e-01,
          8.10414011e-01,   8.79864436e-01,   1.17236267e-02],
       [  1.06771667e+00,   1.88889064e-02,  -5.09986754e-01,
          1.06745737e+00,  -3.14206468e-01,  -4.08473290e-02,
          1.91221204e-01,  -4.82998155e-01,  -5.65217770e-01],
       [  4.21163072e-01,  -1.91095215e-01,  -4.18616138e-01,
          7.59709943e-01,  -2.09172448e-01,   3.15791618e-01,
         -7.97077797e-01,  -5.05800635e-02,  -5.93224150e-02],
       [ -1.51150542e+00,   3.50969079e-01,  -5.90378812e-01,
          9.41807646e-01,   9.91540436e-01,  -2.16041104e+00,
          5.50521965e-01,   9.24703367e-01,   2.73641826e-01],
       [ -7.78709110e-03,  -2.19261355e+00,  -1.74082946e-02,
          8.21107496e-01,   6.60828145e-01,   1.08513352e+00,
         -1.77448878e+00,   1.76773376e-01,   1.26988033e+00],
       [  3.91627421e-01,   3.57554885e-01,  -2.48382025e-01,
          2.82568220e-01,   2.48103432e-02,  -4.20250083e-01,
         -8.78555336e-01,   5.00250878e-01,  -9.66579940e-03],
       [ -1.25267545e-01,  -8.14670250e-01,  -9.45256324e-01,
          5.74110942e-01,  -5.38788546e-01,  -1.03344699e+00,
          2.18639452e+00,   7.03200393e-01,   5.03078112e-01],
       [  1.61328601e+00,   4.72082246e-01,   3.96277286e+00,
          2.07804135e+00,  -1.97383628e+00,  -1.74314777e+00,
         -3.26672030e+00,  -5.78939462e-02,  -1.08167546e+00],
       [ -8.05378263e-01,   1.84938236e-01,  -5.10373267e-01,
          1.18021954e-01,  -2.82335156e-01,   6.13760887e-01,
          2.99672191e-01,   7.20653609e-01,  -1.60887315e-01],
       [  1.46346553e+00,   2.01374450e+00,   2.57128098e+00,
         -2.86658555e+00,  -9.39866665e-01,   2.44549631e-01,
         -2.18915534e+00,  -1.23783093e+00,   5.47628939e-01],
       [ -2.88396071e-01,   4.55651858e-01,  -3.01673966e-01,
         -4.01157412e-02,  -1.42486680e-01,   5.67361710e-02,
          5.60958702e-01,  -1.73278569e-01,   1.18401687e-01],
       [  1.15132170e-01,  -3.30045582e-01,   4.38311470e-01,
          2.96500703e-01,  -7.09367050e-01,   4.39521645e-01,
          2.75586654e-02,  -8.57438174e-02,  -1.55106898e-01],
       [ -1.80891670e+00,   7.64991992e-01,  -1.94807994e+00,
         -2.57127972e+00,  -1.87227787e+00,   3.19177543e+00,
          4.30098988e+00,   5.64459912e-01,  -7.05369632e-01],
       [  4.13570145e-01,   5.02323072e-01,  -3.90488715e-01,
         -5.18861502e-01,  -1.02234928e+00,  -5.17806592e-01,
         -2.02840698e-01,   2.50210387e+00,  -1.59393310e-01],
       [  5.94389499e-01,   8.87321295e-01,   7.30610355e-01,
         -1.89537610e+00,  -1.53539170e+00,  -9.37090144e-01,
          1.24837820e+00,   1.34839015e+00,  -4.94204475e-01],
       [  7.52616637e+00,   6.11288644e+00,   4.66988815e+00,
         -2.42307298e+00,  -6.64349636e+00,   1.96380206e-01,
         -3.27721194e+00,  -1.03736480e+00,  -5.51606884e+00],
       [ -5.72326884e-01,   4.99187314e-01,  -1.52165697e+00,
         -1.10115182e+00,   1.08055018e+00,  -1.57214529e+00,
          8.30347754e-01,   1.42807788e+00,   1.07321811e+00],
       [  1.71127510e-01,  -2.73660167e+00,   2.05926372e-01,
          2.24877428e+00,  -4.73047768e-01,  -4.00393888e-01,
          1.04176022e+00,   5.01959319e-01,  -1.04983908e-01],
       [  6.79967093e-01,  -1.26063855e-01,   2.07283220e-01,
          1.27164179e+00,  -1.40592166e+00,   1.16548231e+00,
         -2.12750792e+00,   2.08376194e-01,  -2.82808225e-01],
       [ -3.24289619e-01,   9.72093381e-01,  -1.30647343e+00,
          8.43967791e-01,   1.07105020e+00,   1.11569378e+00,
         -1.89430405e+00,   7.96925781e-01,  -5.33843326e-01],
       [ -4.66283829e-01,   3.65732352e-01,  -1.84918966e-01,
         -6.47045102e-01,  -7.37504417e-02,   2.19333843e-01,
         -1.34276307e-01,   3.86408452e-01,   4.46024201e-01],
       [ -7.63771804e-01,  -4.83236309e-01,  -7.35106108e-02,
          9.19131846e-01,  -9.71419734e-01,  -7.49892868e-02,
         -6.83957111e-01,  -3.82514076e-01,   2.03600018e+00],
       [ -7.01489269e-02,   2.87681132e-01,  -3.71313117e-01,
          7.73933631e-01,   1.09543483e-01,  -1.18488130e+00,
         -1.50876029e-02,  -2.69890702e-01,   3.75008199e-01],
       [  2.47725818e-01,   3.23571064e-01,  -7.20652859e-01,
         -9.30834897e-01,  -2.15698804e-01,   2.11739774e-01,
         -1.12321323e+00,   8.51949698e-01,   1.13312970e+00],
       [ -1.38899704e-01,   5.02826509e-01,   4.37569359e-02,
          7.82008805e-01,  -8.79805544e-01,  -1.05131392e+00,
          1.06636874e+00,   1.27492611e-01,  -1.90658655e+00],
       [ -2.89903478e-01,   1.20315719e-01,   3.64545352e-01,
         -4.90428041e-02,  -1.15471868e-01,   8.33772566e-03,
         -4.40402809e-01,   3.62017258e-01,   1.88286192e-01],
       [ -4.08371476e-01,  -1.60604041e+00,  -1.34900458e+00,
         -1.68039857e+00,  -9.85678649e-01,  -3.47527915e-01,
          2.51176284e+00,   1.02123943e+00,   2.81467073e+00],
       [ -3.59127953e-01,   6.48329885e-01,  -1.64220329e-01,
          5.15605249e-01,   6.40801861e-01,  -1.37063271e-01,
         -5.48426401e-01,  -1.05351331e+00,   1.02520831e+00],
       [ -8.42638454e-01,  -1.80462262e-01,   1.87037166e+00,
          6.60871653e-01,  -9.70190567e-01,  -1.44418789e-01,
         -1.04555972e+00,   8.63666015e-01,  -7.50856286e-01],
       [  4.25997627e-01,  -1.33233244e+00,  -8.32669256e-01,
          3.89167729e-01,  -6.30798246e-01,  -1.03369300e-02,
          1.06463334e+00,   7.31354017e-01,   2.69800758e-01],
       [ -4.45107000e-01,   1.27285002e+00,  -1.70875491e-01,
         -9.02847964e-02,   3.30754719e-01,   1.59985027e-01,
         -7.56251997e-01,   6.18882126e-01,  -1.08373019e+00],
       [ -3.70839355e-01,  -1.45881884e-01,  -1.09626381e+00,
          2.13153408e+00,   2.00256186e+00,   5.20116344e-01,
         -3.07675951e+00,  -1.72354286e+00,   1.59264601e+00],
       [ -1.13902244e-01,   1.21328043e-02,  -5.56993423e-01,
         -4.41919971e-01,  -7.66291065e-01,   2.14337311e+00,
         -2.15543290e-01,   6.95230786e-01,  -9.56066300e-01],
       [ -1.04342241e-01,   7.79987859e-01,  -8.71884063e-02,
          3.79961015e-01,  -7.46556414e-01,   1.98672740e-01,
         -7.34672101e-01,   2.59012293e-01,   3.86514684e-01],
       [  4.65098098e-01,   4.77489203e-01,  -1.33306404e-01,
         -1.86062948e-01,  -6.29451694e-01,  -3.19035526e-01,
          3.46280608e-01,  -5.19152322e-01,   6.73739497e-01],
       [  1.32230102e+00,  -1.22898191e+00,   5.40599742e-01,
          9.54698664e-02,  -7.33957285e-01,  -6.12870760e-02,
         -7.37843732e-01,   1.24749381e+00,  -5.71373910e-01],
       [ -2.67088992e-02,  -2.87900464e-01,  -2.92435738e-01,
          1.09566219e+00,   2.56546105e-01,  -1.35425746e-01,
          2.45349373e-01,  -7.20056400e-01,   6.70253746e-02],
       [ -2.50242162e+00,   7.34661046e-01,   1.37348453e+00,
         -2.50629068e+00,   2.35343235e+00,   8.83843596e-01,
         -3.36146120e+00,   1.77166595e+00,   1.24323496e+00],
       [ -7.71991865e-01,   1.98007917e-01,  -3.75610205e-02,
          3.83442850e-01,  -4.42700230e-01,   3.59661082e-01,
         -2.46831799e-01,   3.76120653e-01,  -3.66150959e-01],
       [ -5.38390020e-01,   3.23959372e-01,   1.01348485e-01,
         -8.33168029e-02,   9.52568328e-01,   3.08383836e-02,
         -7.77930255e-02,   2.31219515e-01,  -1.00888369e+00]]),array([[  1.00456792e+00,  -5.61366972e-01,   5.85690327e-01,
         -2.39767472e-01,  -1.49379908e+00,   9.48327678e-01,
         -1.56866022e-01,  -4.65605137e-01,  -2.20781290e-01,
          8.85214561e-02,  -6.96720944e-01,   8.68932025e-01,
          3.62782997e-01,  -7.90825914e-02,  -4.07888898e-01,
         -4.64223870e-01,   1.29259388e-02,  -1.82958215e+00,
          3.43261716e-02,   2.05527429e-01,  -6.33210212e-01,
         -1.45454416e-01,  -1.32610556e-01,  -3.58019136e-01,
         -3.99202216e-02,  -1.34786136e-01,  -1.00756395e-02,
         -3.26184311e-01,   1.91602558e-01,   1.62469086e-01,
          8.39515420e-01,  -1.07831367e+00,  -9.89511825e-01,
          1.74827999e-01,  -3.15847510e-01,  -3.01841038e-03,
         -8.24320550e-01,   3.52482258e-01,   1.81542955e-01,
         -5.19532854e-01,  -4.20286264e-01,  -1.31516817e-01,
          4.41664269e-02,   5.31395656e-01,  -4.76311944e-01,
         -6.05227604e-01,  -3.10129352e-01,   4.13510657e-01,
          4.33894232e-01,  -2.18752434e-01,  -9.59127974e-01,
          4.18432461e-01,  -3.16185251e-01,   1.75165205e+00,
          4.86419269e-01,  -5.27004998e-01,  -5.61174490e-01,
         -1.06639113e-01,   1.75975755e-01,   7.62219105e-02,
         -2.35994381e-01,   9.66849062e-02,   7.89508369e-02,
          4.34186919e-01,  -1.34088486e-01,  -1.72780438e-01,
         -2.43799791e-01,   6.74151527e-01,  -4.49271323e-01,
         -1.62600836e+00,  -6.18920703e-02,   2.79961204e-01,
          1.80502376e+00,  -5.40851464e-02,   6.49006436e-01,
         -4.18655051e-01,  -2.47581124e-01,  -6.28361506e-01,
          3.63985230e-01,  -9.66185036e-01,  -2.81620300e-01,
          7.02844463e-01,   6.92122264e-03,   4.21925645e-01,
          5.95740437e-01,  -3.07988862e-01,  -4.60501415e-01,
         -2.05251652e-01,  -8.51534006e-02,   2.72912811e-01,
         -2.74435839e-01,  -1.08861980e+00,  -3.93114135e-02,
          1.08855992e-01,  -1.41768905e-01,  -3.01379709e-01,
         -2.65773894e-02,   2.55218197e+00,  -2.27381151e-01,
         -5.96624581e-01],
       [  2.76330920e-01,  -1.24919897e-01,  -7.83654556e-01,
         -3.12814776e+00,   7.85376579e-01,  -2.87185013e-01,
         -2.44951342e+00,   3.46459971e-02,   5.10009586e-01,
          1.17587339e+00,  -8.73945415e-01,   1.88726754e-01,
         -3.40507578e-01,   7.63982264e-01,  -4.65290212e-02,
         -3.58381508e-01,   2.10404822e-01,  -2.05010840e+00,
         -8.43731310e-02,   3.06649401e-01,   3.72873934e-01,
          9.40530193e-01,   4.41160840e-01,  -4.74370388e-01,
          8.86193174e-01,  -4.39957297e-01,   5.98071804e-01,
          2.31363558e-01,   7.70617390e-01,   4.27382494e-01,
          1.18793095e+00,   8.56407295e-01,  -1.15481075e+00,
          2.37996325e-01,   5.95427837e-01,   3.07177192e-01,
         -3.96594140e-01,   1.22661075e+00,   4.48022842e-01,
         -2.02766688e+00,  -7.24713012e-01,  -8.19250361e-01,
          5.76447001e-01,  -1.19636866e-01,   4.14138612e-01,
         -1.93240132e+00,   8.79410992e-01,  -2.20339699e-01,
         -1.05926558e+00,  -1.04922049e+00,   1.81179802e-01,
         -6.19430027e-01,   3.35048301e-01,   1.05288856e+00,
          1.27927524e+00,   3.68261276e-01,   2.42944943e-01,
         -2.02130801e+00,  -4.66098668e-01,  -6.53843237e-02,
         -2.17830492e-02,   2.19864193e-01,   4.44371562e-01,
         -6.17298199e-01,  -8.39174900e-01,   5.14966363e-01,
         -1.01967741e+00,  -3.30689055e+00,   3.55464269e-01,
         -3.42248102e-01,   1.27370367e-02,   4.71578333e-01,
          4.07168895e-01,   1.43288948e+00,   7.76958323e-01,
         -1.42434794e+00,  -1.00095057e+00,  -1.40666642e+00,
          1.02832820e-02,  -4.15661163e-01,   3.57516835e-01,
          3.95188658e-01,   8.86988564e-02,   4.79375708e-01,
          5.24547525e-01,   4.27784275e-01,  -1.64670917e-01,
          3.91637151e-02,   8.16984936e-02,  -2.98508259e-01,
         -5.65928500e-01,  -1.45126413e+00,  -5.89339484e-01,
         -1.29273741e-01,   6.16145570e-03,  -8.73432051e-01,
          1.47687352e-01,   2.24851295e+00,   2.04031641e-01,
          2.62218760e-01],
       [  3.74967209e-01,  -5.26220981e-01,  -8.75550310e-01,
         -4.32348224e-02,  -2.08799003e-01,  -1.46516180e+00,
         -1.37970476e+00,   6.26733845e-01,  -1.99755638e-01,
         -1.62166039e+00,  -1.03950874e+00,   1.37325084e+00,
         -7.07770473e-01,  -1.05256357e-02,   1.37924972e-01,
          3.39654135e-01,   6.73911077e-02,  -3.19371966e-01,
         -2.29784618e-01,  -5.11252760e-01,  -5.36331410e-02,
         -8.23745431e-01,   3.48272570e-02,   1.20255606e-01,
         -4.32449539e-01,   8.52264650e-01,   5.71771767e-01,
          4.76371581e-01,   6.13761214e-01,  -3.71230214e-02,
          4.99056886e-01,   9.51283594e-03,  -1.10298470e+00,
          2.55494559e-01,  -8.96981811e-01,   8.76382187e-01,
          7.82704724e-01,  -3.99490371e-01,   4.61019570e-01,
         -9.90182655e-01,   4.88259061e-01,  -7.47143407e-01,
          4.30623213e-01,  -2.44439062e-01,   2.57889478e-01,
         -1.06950115e+00,   4.94167980e-01,   3.00590318e-01,
         -1.64400200e+00,   3.60944172e-01,   3.10984594e-01,
          1.85205305e+00,   4.50911054e-01,   2.31101122e-01,
         -1.32297186e-01,  -4.32991976e-01,   3.05614047e-01,
          5.43351735e-01,  -6.86724754e-01,  -1.56352959e-01,
          3.83604806e-01,  -6.77582789e-01,  -7.11539182e-02,
          1.94181051e-01,  -9.76008033e-01,  -5.49290003e-01,
         -1.14619614e+00,  -9.98107480e-01,  -3.36704004e-01,
          7.56792907e-01,   4.47244648e-02,   1.10611953e-01,
          1.11397803e-01,   5.20551096e-01,   4.27296117e-01,
         -1.03665023e+00,   1.65408381e-02,  -5.05877546e-01,
          9.63477400e-01,  -7.64243571e-01,   5.29287546e-01,
          3.67126997e-01,  -8.82319638e-02,  -2.31037754e-02,
          7.34324301e-01,   3.31853919e-01,  -1.14586947e-01,
          3.73731967e-01,  -1.15770427e+00,  -1.36564293e-01,
          1.03330872e-01,  -1.97607343e-01,   5.06896976e-02,
          5.75742599e-01,   4.02176364e-02,   1.80941872e-01,
          1.97006913e-02,   7.32842075e-02,  -1.00059939e-02,
         -2.28608754e-01],
       [ -6.37621105e-01,   6.41222477e-01,  -9.41259324e-01,
         -4.32448901e-01,   8.92096247e-01,   1.49448061e+00,
         -2.83361736e+00,   4.20792165e-01,   2.67157459e-01,
         -2.89193825e-01,  -1.47236769e+00,   1.94815777e-01,
         -6.68940035e-01,  -1.48784774e+00,   4.53757305e-01,
          3.56029927e-01,   3.00632288e-01,  -1.60586759e+00,
          2.41659685e-01,  -7.41669507e-02,  -1.67349662e+00,
         -5.80284567e-01,  -9.56469631e-02,  -4.32043055e-01,
          4.54735184e-01,   3.61912022e-02,   7.99760544e-01,
          6.30543681e-01,  -3.19753826e-01,  -4.36262219e-01,
         -5.44981787e-01,   1.62197936e+00,  -1.60187765e+00,
          5.49740956e-01,  -4.96518080e-01,   2.43035123e+00,
         -5.15392178e-01,   1.31947986e+00,   7.65433173e-01,
         -3.41818089e-01,  -4.97491098e-02,  -4.37038861e-01,
          2.63331906e-01,  -1.62010686e+00,   7.13924799e-02,
         -8.89919230e-01,  -3.47493564e-01,   1.58447656e-01,
         -9.81936477e-01,  -8.54649423e-01,   5.81230880e-01,
          1.13098605e+00,   1.73409513e-01,   1.65320357e+00,
          1.42419435e+00,   2.15338139e+00,  -8.10355342e-02,
         -1.54583878e-01,   3.65680571e-03,  -3.92797917e-01,
          9.43988470e-01,   7.73944493e-02,   5.11742069e-02,
         -1.11750136e+00,   3.27853327e-01,  -1.96597566e-01,
          7.37775283e-02,  -1.96613300e+00,   7.43391463e-01,
         -1.80050498e+00,   7.38190599e-02,   2.80221514e-01,
         -1.71971486e+00,   2.33167502e-01,  -3.23298330e-01,
         -7.40118215e-01,  -1.37426196e+00,   2.62300246e-01,
          1.86066121e-01,  -6.02738666e-01,   1.00838804e-01,
         -9.53412689e-01,  -4.14270984e-01,  -2.01845175e-01,
         -4.96986883e-02,  -7.39569062e-02,   3.16792178e-01,
         -4.36405670e-01,  -7.57194509e-01,   2.65916157e-01,
          3.28152405e-02,  -8.73024745e-01,  -5.34156318e-03,
         -2.73559228e-02,   4.75780179e-01,  -4.97385801e-01,
         -1.51283971e-01,   2.63160224e+00,   1.89004157e-02,
         -4.59136994e-01],
       [  2.57833841e-01,   6.66629480e-01,  -2.01645467e-01,
          4.96493816e-02,  -2.70414115e-01,  -1.82316012e-01,
         -1.40454233e+00,   1.66545104e-01,   3.34411610e-02,
          5.78739249e-01,  -4.06333544e-01,  -1.02212028e+00,
         -2.23391093e-02,  -6.84866575e-01,  -1.92471455e-01,
          2.40267572e-01,  -8.56652412e-04,  -5.66248270e-01,
          4.07154606e-02,   2.63686208e-01,  -2.19001007e-01,
         -1.11792770e+00,   3.60100160e-01,   2.17944037e-01,
         -1.27971610e-01,  -3.86262812e-01,  -1.09420821e-02,
          2.72027420e-02,  -6.70206245e-02,  -7.56958083e-01,
         -4.48619892e-01,   3.66990758e-02,   3.06565637e-01,
          3.22031022e-01,   8.12895031e-02,   3.01261246e-01,
          2.97251729e-01,  -3.59864364e-01,  -5.00096228e-02,
          2.69439104e-01,  -1.29487728e-01,   5.83195515e-01,
         -3.19424773e-01,  -4.44711193e-01,   1.35880212e-01,
         -9.38076002e-02,  -8.32767266e-02,   3.71714121e-01,
          3.92267100e-01,  -5.60584126e-01,   1.12368803e-01,
         -7.41105197e-01,   2.73641549e-01,   3.52934445e-01,
          1.28434905e-01,   2.25018380e-01,  -1.41213310e-01,
         -8.33457074e-01,   9.78996627e-02,  -3.03943705e-02,
          2.59042135e-01,  -2.73731043e-01,  -3.19137681e-01,
          4.14822284e-01,   5.78792830e-02,   1.18374572e-01,
         -2.98339577e-01,   2.34393645e-01,  -1.54577441e-01,
         -5.16129880e-01,  -6.99452978e-02,  -1.13237880e-01,
         -2.36910347e-03,  -1.47873079e-01,   3.76406294e-01,
          4.16873937e-01,  -5.30818852e-01,   2.65736931e-01,
         -7.13417455e-01,   8.75373793e-01,   2.81854833e-01,
          8.64370685e-03,  -1.10808253e-01,   4.10402760e-01,
         -2.20494199e-01,  -1.64770722e-01,  -6.67127203e-01,
         -2.64821116e-01,   3.82540283e-02,   2.71316240e-01,
          3.13319894e-01,   1.85933284e-01,   2.75671422e-01,
         -1.62258829e-02,   3.35548324e-01,  -4.84264918e-01,
         -2.90196525e-01,   2.26427703e-01,  -1.74767891e-01,
         -5.89068849e-01],
       [ -4.20275425e-01,   4.48080459e-02,  -9.42371115e-01,
         -1.06468684e+00,   1.50899754e-01,  -2.81974053e-01,
         -2.35476186e+00,   5.26193916e-01,   9.71247578e-01,
          7.75251712e-01,  -3.80560600e+00,  -2.28444804e+00,
         -4.18537120e-01,  -2.39245456e+00,  -5.18157759e-01,
          4.71333483e-01,   5.33033111e-01,  -3.15941547e+00,
          1.98922163e-01,   1.85255211e-01,  -4.57114982e-01,
         -8.85180246e-01,   1.64048146e-02,  -1.36828680e-02,
         -6.12999063e-01,  -3.91117658e-01,   1.29455536e+00,
          7.12985421e-02,  -1.82351092e-01,  -1.08947410e-01,
          2.31888089e-01,   2.59886015e+00,   1.57529554e+00,
          1.20650684e+00,  -9.02464170e-02,   1.51007240e+00,
         -9.56590073e-01,   6.30613458e-01,   3.81237207e-01,
          1.55534357e+00,   3.35637201e-02,  -1.21266817e-01,
         -8.19736457e-01,   6.01165717e-01,   4.54318287e-01,
         -6.89262965e-01,   3.62259901e-01,   1.32917228e+00,
         -1.15995939e-01,  -2.96373341e+00,   4.06235869e-01,
          9.66087132e-01,   5.77006466e-01,  -2.83159970e+00,
          1.86920087e+00,  -6.44929217e-01,  -7.97749411e-01,
          1.29409120e-01,   1.02374835e+00,   7.39280567e-01,
          1.73627201e+00,  -5.33260354e-01,   6.08090363e-01,
          8.81077927e-02,  -2.01311253e-01,   4.17972287e-01,
          1.23254391e-01,  -7.18599106e-01,   6.59854543e-02,
         -1.05591765e+00,  -2.82820739e-01,   2.52545596e-01,
         -8.72661555e-01,   4.74870917e-01,   1.25641973e+00,
         -2.41477021e+00,  -1.23973189e+00,   1.68823331e+00,
          5.63620581e-01,  -4.00379023e-01,   1.85561719e-01,
         -4.10597863e-01,   1.10359614e-01,   8.33673257e-01,
         -1.13213710e+00,   1.67857225e-01,  -1.73987453e+00,
         -6.49871152e-01,  -1.03461167e-01,  -3.17262225e-01,
         -2.60751029e-01,  -1.92877882e+00,  -1.42842193e+00,
          4.59424754e-01,   1.17806201e+00,   7.86665918e-01,
         -7.39739722e-01,   1.97521256e+00,   4.05990979e-01,
         -6.93851990e-01],
       [ -1.36944298e-01,  -1.60722628e-01,   1.70151368e-01,
          4.96432508e-01,  -5.04835913e-01,   4.63605572e-01,
         -1.68679101e+00,  -7.64864406e-01,  -2.34375902e-02,
         -5.32519947e-01,  -6.81158407e-01,   2.30751433e-01,
         -3.30255630e-01,  -2.41583883e-01,   1.04384002e-01,
         -5.89152864e-01,  -1.31779231e-01,  -1.56486545e+00,
         -8.68002373e-02,   2.33172413e-01,  -9.10330732e-01,
         -2.97917741e-01,   1.17241647e-01,  -2.05921963e-01,
         -1.24583750e-01,  -4.13675301e-01,   5.07374766e-01,
         -3.74459794e-01,  -1.67170223e-01,  -4.23944044e-01,
          3.51182265e-01,   1.36089850e+00,  -7.22624834e-01,
          1.47213125e-01,   8.05852588e-01,   1.19713233e+00,
          6.83094848e-01,   7.72492651e-01,  -3.15836366e-01,
          6.59575936e-01,  -9.39313644e-03,   7.15746635e-02,
          1.53532991e-01,  -5.01729107e-01,  -5.04780342e-01,
         -1.10319576e+00,   1.14810176e-01,  -5.74090778e-02,
          1.66353995e-01,   1.08660991e-01,   1.96168890e-01,
          1.38503405e+00,   4.14623185e-02,   3.12030005e-01,
          3.71263626e-01,  -6.91421789e-01,  -1.00043839e+00,
          1.32684859e+00,   9.06955562e-01,  -3.36532400e-01,
          5.07029250e-01,  -6.88953601e-01,  -2.66425774e-01,
          8.92355648e-02,   9.26358500e-01,   4.17438571e-02,
          6.65615599e-01,  -5.49962096e-01,   3.07646202e-01,
         -2.65606488e-01,  -1.63848481e-01,   3.37117259e-02,
         -2.08557894e+00,   1.27541114e+00,   9.39807971e-01,
         -6.02515376e-02,  -9.56267873e-01,  -1.00568388e+00,
         -6.35604385e-01,  -1.02814777e+00,   1.16728242e-01,
         -3.30888221e-01,  -3.29517928e-01,   2.51496743e-02,
         -9.73742720e-02,  -1.67650197e-01,  -4.34074408e-01,
         -4.68947494e-02,   4.15107682e-01,   5.11879287e-01,
         -6.91002689e-01,   1.75229677e-01,   2.74880522e-01,
         -3.47249841e-02,  -5.58245918e-01,  -8.86310602e-01,
         -7.21307135e-01,   1.46998745e+00,   4.51400825e-01,
         -7.02281630e-01],
       [  4.48092535e-01,   9.70364644e-01,   2.86461402e-01,
         -1.00628091e+00,   3.24711906e+00,  -1.70968215e+00,
         -2.51574935e+00,  -2.03598258e-01,  -6.50670316e-01,
         -9.36642632e-01,  -1.75972741e+00,  -3.61016444e-01,
          2.19395272e-01,  -5.95702650e-01,  -3.73729002e-02,
          9.27715093e-01,   1.27420891e-01,  -2.17630428e+00,
          1.06612805e+00,   5.19835718e-01,   9.16706135e-01,
         -8.13230009e-01,   7.09950996e-01,  -4.13064560e-01,
         -9.02062919e-01,  -2.50246216e-01,  -2.37389871e-01,
          2.97129872e-01,   1.36893304e-01,   4.78063377e-03,
          3.78173820e-01,   3.30051991e+00,  -1.85811212e+00,
         -5.45241390e-01,  -1.04379200e+00,   1.69872852e+00,
         -6.95536773e-01,   1.00147799e+00,   1.47802050e-01,
         -4.63848668e-01,   9.28011750e-01,   8.05216396e-02,
          1.30557550e-01,  -1.48370353e+00,  -4.64226502e-01,
         -3.64217374e-01,   2.19240845e-01,   8.08310939e-01,
          9.29393119e-02,   5.58302595e-02,  -2.82488592e-01,
         -9.07402729e-01,   1.96952503e-01,  -1.53168516e-01,
          5.11505087e-02,  -6.65850872e-01,   5.91656981e-01,
         -1.12490498e+00,   8.66332610e-01,  -7.04556573e-01,
          1.44861792e-01,  -1.21612407e-01,  -3.89956756e-01,
         -8.83817094e-01,  -5.99426093e-01,  -3.57631480e-01,
         -4.35427115e-01,  -1.25172548e-01,   5.39348916e-01,
         -8.57630628e-01,   4.06152271e-01,   2.89147827e-01,
         -2.55379098e+00,  -4.22490931e-01,   1.67549839e+00,
         -1.68638658e+00,   7.61662450e-01,   6.01505102e-01,
         -3.01369731e-01,  -5.55004579e-01,   6.59484605e-01,
          5.66502830e-01,   1.60862196e-01,   1.44039126e+00,
         -4.06021295e-01,  -4.21312000e-02,  -1.71423430e+00,
          2.78922015e-01,  -9.06812681e-01,  -2.85022926e-01,
         -1.55203544e-01,  -2.06182421e+00,  -2.05813944e-01,
          6.41544558e-01,   3.25982886e-01,  -2.09631275e-01,
          1.21299916e-01,   1.38942890e+00,   1.22405281e-01,
         -4.80774051e-02],
       [ -1.22637101e+00,   3.91169048e-01,  -8.81167902e-02,
         -3.80039951e-01,  -4.39294465e-01,  -6.71183013e-01,
         -1.48073371e-01,  -2.53837261e-01,   4.23181710e-01,
         -1.31865139e+00,  -8.45498491e-01,   5.02494898e-01,
         -1.17267657e+00,  -9.59771942e-01,  -1.03478663e+00,
         -7.93539380e-01,   3.11893694e-01,  -8.48389443e-01,
          8.25647723e-02,   1.64493139e-02,   3.91755219e-01,
         -3.48217994e-01,   3.17418544e-01,   1.20619399e-01,
          1.47329767e-01,   1.70341062e-01,   3.48163285e-01,
         -2.35938002e-02,  -6.10829109e-02,   8.32144555e-02,
          3.33694924e-01,   2.89546148e+00,  -1.85313558e-01,
         -6.44849752e-02,  -9.00889675e-01,   5.78550002e-01,
         -5.49502839e-01,   1.07430884e-01,   5.39677692e-02,
          5.44609888e-01,   1.49486228e-01,  -1.89254900e+00,
         -7.56304627e-01,  -8.98711924e-01,   8.58476451e-01,
         -7.65962504e-01,   3.26648080e-01,  -2.03546927e-03,
          7.66666237e-01,  -2.31043366e+00,   2.65140499e-01,
          1.78161021e+00,   3.59492263e-01,   1.16811703e+00,
          6.39152962e-02,  -5.15404718e-01,   3.60601039e-01,
          7.97181768e-01,   1.07968517e+00,  -1.20481477e-01,
         -3.30735576e-01,  -6.07420095e-01,   5.55085189e-01,
         -7.38210023e-01,   2.57030489e-02,   5.18485570e-01,
         -1.13085174e-01,  -1.28017386e-01,   2.26025090e-01,
          9.76758927e-02,  -7.86863667e-01,  -5.33948191e-01,
          8.94721950e-01,   5.67221713e-01,   2.03590397e-01,
          1.60400444e-01,   1.89380959e-01,   8.14417612e-01,
          2.20978995e-01,  -1.12597894e+00,  -1.14705538e-01,
         -9.98812172e-01,  -3.32509965e-01,   4.91910293e-02,
         -8.47701612e-01,   4.93252203e-02,   4.01238298e-02,
          2.82753996e-01,  -2.39944402e-01,   5.41471194e-01,
         -5.16395436e-01,  -1.26003819e+00,  -6.03537030e-01,
          3.83741532e-01,  -5.63980726e-02,  -3.42671210e-01,
         -1.35501771e-01,   9.88702505e-01,   2.79335195e-01,
         -4.58546207e-01]])

