array([[ 2.21050942, -1.28021916, -1.57996277,  1.34851637, -0.28312181,
         0.22872093,  2.71475708, -1.87326628, -2.36632188],
       [ 0.68138016,  2.06301972,  1.66066042,  1.41988145, -3.92460343,
        -6.1080001 ,  0.27958551,  2.44560278,  1.17382004],
       [ 1.23958093,  2.7180544 ,  1.16843784, -1.08639655, -1.55493806,
        -1.8850639 ,  2.9846208 , -0.78300343, -2.38613795],
       [ 1.43859142,  0.70018469, -0.42695958, -0.41205044, -2.60688294,
         3.85423797, -0.67737435,  1.05902123, -3.23855308],
       [ 0.29358457,  0.78887227,  0.90654053,  2.40741936, -1.4103226 ,
        -0.15175314,  0.99862333,  0.17580313, -3.68265381],
       [ 2.12807614,  0.02485719, -1.47593871,  0.90045139, -0.62204868,
         0.28896448, -2.14618284, -0.15670455,  0.84893723],
       [-0.17752884,  1.08498262, -1.62288232,  0.69534556, -2.25697153,
        -0.33903027,  0.98583332,  0.41424046,  0.63970227],
       [ 0.69982817, -0.01329695,  1.17071738, -0.51272481, -1.00770016,
         1.50531858, -1.10499462, -0.20812556, -1.25169744],
       [-1.00940148,  0.71272753,  0.91997119, -0.18972067,  1.12207063,
         0.67495525, -1.60397431,  0.12434422, -0.53474931],
       [-1.12440042, -1.45711196, -1.42518368, -1.33887735, -5.52175059,
        -1.4678248 ,  3.65064928,  3.95095061,  4.83820541],
       [ 5.33982231,  5.33198184,  4.95910239, -2.14130281, -2.98920086,
        -2.01984196, -2.60134775, -2.22878614, -2.42434919],
       [ 1.82936592, -2.50295436, -3.38783138,  1.40070487,  1.65006743,
         0.74312261, -0.60055521,  1.11468834,  0.33792303],
       [ 1.96317447, -0.83781847, -0.16257349,  2.05946256, -0.82850028,
         2.35789282, -2.61053087, -1.71978589, -0.10526848],
       [-0.41924866, -0.72138328, -0.8416508 ,  1.11886311,  0.53344924,
        -0.17756499, -0.28327019, -0.4424435 ,  0.71338503],
       [ 0.02193155,  0.4490736 , -1.03094848,  0.79720253,  0.27012565,
        -0.7069082 , -0.15637038,  0.84039787, -0.5189052 ],
       [ 4.64327906,  0.15717912, -0.46617471, -0.67952654, -1.67276986,
        -0.14689567, -1.13931043,  0.83522948, -0.79430364],
       [-2.35286032,  0.75399915,  1.1491974 ,  1.60923451, -1.79504842,
         0.9038633 ,  0.64643384,  0.16222712, -1.27593747],
       [-0.69540454,  2.95156907,  0.85476616,  2.16563085,  0.0568694 ,
        -0.16373667, -2.14063963, -2.17463161, -0.45514705],
       [-2.70639783,  4.5296332 , -2.35863499, -2.46536825,  4.47882744,
        -2.12233499, -2.54133293,  4.8786835 , -1.62412346],
       [-0.7262549 ,  1.05509556,  0.33312823, -0.8143453 , -0.65575658,
        -0.79144011,  0.94703238,  0.88439117,  0.09453708],
       [ 0.68796436, -5.30487639,  0.35072033,  2.77357784, -1.71214288,
         0.37436434,  1.12559945,  1.31527286,  0.02915749],
       [-1.26299267,  0.59525586, -0.62583774, -0.03334247, -0.12740308,
         1.29265859,  0.91257984,  0.48187932, -1.1080444 ],
       [ 1.36123869,  0.64442262, -0.85657102, -0.26886463, -1.1128796 ,
        -1.02523014, -1.37263166,  1.40865284,  1.58013156],
       [-0.62425863,  1.77907226,  0.27822116, -0.77997373, -0.5048682 ,
        -0.39325239, -0.24076163,  0.98684927, -0.59042224],
       [-1.64997992,  2.86002068,  2.92736628, -6.03681875, -3.71370065,
         3.18453909, -1.49623088,  2.3767128 ,  1.49542969],
       [-1.09622126,  1.50905945, -3.11333229, -1.90001793, -3.03982882,
         3.84896821,  4.33843846,  0.69675276, -0.83489275],
       [-1.28000914,  0.99240224,  1.10534177,  3.16103905, -2.51775904,
        -1.42982508, -1.3075343 ,  2.75477463, -1.24364089],
       [ 4.80583086,  3.68839521,  0.80103339, -2.49709516, -4.31354404,
         1.69555428, -3.68396667,  4.10844832, -4.24850274],
       [-0.82581513, -0.4003222 , -1.38458723, -0.16252262, -4.42779186,
         0.9427152 ,  3.94387281,  1.16108371,  1.03992277],
       [-1.2710244 ,  1.25159216, -0.6577105 ,  0.2415565 ,  1.13942036,
        -1.24122464,  0.30519812, -0.89903147,  1.16892307],
       [-0.60840014, -0.43214759,  0.99233879, -1.16239905, -0.49293655,
         2.54677174,  0.78683223,  0.43147418, -1.68289809],
       [-2.85056289, -0.2875925 ,  1.19546639,  2.09893839,  1.58360626,
        -0.66530688, -0.15014972, -0.39373476, -0.04846607],
       [-0.95524605,  0.13023607,  2.03768278, -0.67644209, -0.97096176,
         0.17218804,  1.30828386,  0.53593012, -1.27530122],
       [-0.61467005,  0.62235202,  2.24804672, -2.02270596, -1.0861171 ,
        -1.35422608,  1.06773946,  1.45310211, -0.48901165],
       [-1.16518772, -0.85990568,  1.82444376,  1.00065513, -1.75082515,
         1.36548375, -1.88838711, -0.86467823,  2.28462305],
       [ 2.80387048,  2.38355663, -2.6863448 ,  0.62515604, -0.94798436,
        -0.8794851 , -0.64830572, -0.53235438, -1.27147059],
       [ 0.86329285, -0.26320287,  0.64245494, -2.02735898, -1.03954795,
        -0.70464193,  0.44836583,  1.02634215, -0.16429162],
       [-1.48485463, -0.79725798, -0.03210752,  2.24309714, -1.42511   ,
        -0.06673297,  0.32013889, -0.13099939,  1.5997303 ],
       [-0.90419584, -0.97082304, -1.27368958,  2.28358988,  3.0395852 ,
         2.35497944, -2.84644594, -0.93311417, -2.08032147],
       [ 2.01606749, -1.10220999, -0.87447993,  1.94653383, -0.03231132,
        -0.19783133,  0.5532241 , -0.48190104, -0.95916108],
       [-1.698163  ,  1.52818983,  0.25384292, -2.18528975,  2.18670332,
         0.71934546, -3.36630614,  2.15063571,  0.99502631],
       [-0.61296231, -0.11967467,  0.1883997 , -0.59213959,  0.25362067,
        -0.20237908, -0.70148597,  1.12511793,  0.54588643],
       [-0.4840037 , -0.3929406 ,  0.63446768,  2.93434612,  2.23304686,
        -0.08117645, -5.96794092, -1.36985588,  2.20781175],
       [-1.7652587 , -0.47306448,  5.49902564,  0.35571669, -1.4787333 ,
        -0.30542955, -0.89805529,  0.59651952, -0.90046102],
       [ 2.62573441,  1.71281722,  1.35137977,  1.27498321, -4.15373376,
         0.28448808,  0.32213984,  0.14966392, -3.99639718],
       [ 1.69861956,  1.40154593,  0.91683522,  3.08946707, -2.19290808,
        -1.36554385,  2.38651667, -5.64143965, -0.33460437],
       [-0.4532627 , -2.46062823, -1.45872813, -0.59278853, -0.42337995,
        -1.64835068,  2.85010112,  1.88862942,  2.02209059],
       [-1.24604846, -0.31155721,  1.11508623,  1.49031329, -1.52536692,
        -1.27646681,  1.72493657,  0.65355968, -0.81266683],
       [-3.56144121,  0.98966763,  3.68014242,  0.76422847, -3.8146565 ,
         3.32005749, -6.2187609 ,  0.86969742,  4.12127785],
       [ 0.18275707,  0.79702581, -1.89327308,  0.40826297, -2.13198942,
        -0.74677793, -0.62575675,  4.07133685, -0.36545983]]),array([[ -8.48206705e-01,   4.93902860e-01,   1.95327825e-02,
         -1.23986317e-01,   1.82356257e+00,  -3.08852062e-01,
         -8.91983529e-01,  -5.97539940e-01,  -1.32495344e-01,
         -8.72461669e-01,  -9.50382811e-01,   5.92375544e-01,
          1.05880663e+00,   1.24711549e+00,  -5.19378227e-01,
         -3.59413782e+00,  -6.36783986e-01,  -1.81877453e-01,
         -8.13499396e-01,   9.82955097e-01,  -6.19562240e-01,
         -9.14433384e-01,   2.73826238e+00,  -5.26562486e-02,
         -6.03393333e-01,   6.26349015e-01,  -3.43782083e-01,
          1.71337929e-01,  -1.23321837e+00,  -5.01875997e-02,
          6.61581036e-01,  -7.45386118e-01,  -5.92055077e-01,
          1.04932248e-01,   2.37499555e+00,   7.93319773e-01,
         -4.33018481e-01,  -9.92211804e-01,  -1.22964832e+00,
          8.15737772e-01,   1.78087499e+00,  -1.14578184e+00,
         -2.40806819e+00,   8.97632766e-01,   3.49217099e-01,
         -2.30115992e-01,  -2.44732716e-01,   3.25610324e-02,
         -1.70279849e+00,  -3.48018820e-01],
       [ -4.42285862e-01,  -2.88587496e-02,   1.09401903e+00,
         -8.88149469e-01,   1.49333874e+00,   2.00670118e+00,
         -3.15631826e+00,   1.76945435e+00,   6.39699819e-01,
         -7.36154275e-01,  -2.16640450e+00,  -1.46817571e+00,
          2.52535537e-01,   2.66392039e-01,   1.59488533e+00,
         -3.52198809e-01,   7.54733355e-01,  -2.92037574e+00,
         -5.64982355e+00,  -1.64584643e-01,  -3.84388376e+00,
         -1.00687731e+00,   1.01278624e+00,  -3.00354760e-02,
         -1.43469978e+00,   5.25826680e-01,  -2.49391937e+00,
         -2.32452104e+00,  -1.82725042e+00,   8.30997672e-01,
          2.62173321e-01,  -9.67872850e-01,   1.48437405e+00,
          9.74688872e-01,  -8.43670971e-01,   1.72316552e+00,
          6.40596842e-01,   1.66091105e+00,  -1.94604637e+00,
          1.51343646e+00,   3.85133780e+00,   8.17672578e-01,
         -4.58054299e-01,   3.40223604e-01,  -2.29381782e+00,
          1.06061744e-01,  -2.53180474e+00,   1.52173904e+00,
         -8.09837263e-01,   3.33811566e+00],
       [ -7.57867073e-01,   2.62999801e-01,   1.58008197e+00,
          2.88955699e-01,   2.08258429e+00,   1.62076169e-02,
         -8.53474167e-03,   8.13508969e-01,  -1.99484840e+00,
         -4.74818751e-03,  -2.22838287e+00,   3.22337901e-01,
          1.39803506e+00,  -1.09210536e+00,  -1.48492617e+00,
          7.40825483e-01,   1.97926794e-01,   1.17659515e+00,
         -1.91465836e+00,   1.25824473e+00,   3.32627176e-01,
         -1.42063458e+00,   6.88351846e-01,   1.44408042e+00,
         -7.15344684e-01,   1.33767836e-01,  -4.38536867e-02,
          8.07271142e-02,  -1.28198643e+00,   8.21292108e-01,
          1.61643476e-01,   4.00844554e-01,  -1.24863894e-01,
          2.77954389e-01,  -1.02466181e+00,  -3.11831872e+00,
          1.13079662e+00,   1.54285167e-01,  -1.21665351e-01,
         -2.45091189e-01,   8.52797992e-01,   2.55899059e-01,
          5.62503980e-01,  -3.12953664e+00,  -1.55645686e+00,
         -6.23092465e-02,  -1.28075493e+00,  -3.30283398e-01,
         -5.20642532e-01,   2.17537920e-01],
       [ -3.41612764e+00,   1.93226311e+00,  -5.11968947e-01,
          2.41581107e-02,   3.57698977e-01,   1.16917892e+00,
          8.39181859e-01,   1.57609499e+00,   4.29621007e-01,
         -1.84198673e+00,  -2.26149515e+00,  -2.07153378e+00,
          1.43896673e+00,   1.10183777e+00,  -4.18061437e-01,
          2.17911493e+00,   1.63472190e+00,  -1.24624364e+00,
         -5.11823239e+00,   1.23879553e+00,   2.00475831e-02,
          1.97377122e+00,   9.49548444e-03,   4.74152623e-01,
         -5.28447521e+00,  -3.46431452e+00,  -3.68970425e+00,
         -1.54900626e+00,   5.51744184e-01,   1.51633043e+00,
          3.12742364e+00,   2.37777690e-01,   1.92842231e+00,
         -6.13845283e-01,  -1.74974271e+00,   2.94132716e+00,
         -7.89848249e-02,  -2.66021461e+00,  -2.17867289e+00,
         -1.70454881e+00,   1.60772991e+00,   1.45237267e+00,
          3.89303593e-01,  -1.15813019e+00,  -1.91245474e+00,
          1.02693200e-01,  -1.04711685e-01,   1.27257045e+00,
         -7.84034616e-01,   1.54902793e+00],
       [  5.55988869e-01,   3.03540702e-01,  -3.21254525e-01,
         -8.00849486e-01,   2.13862096e-01,   3.17468258e-01,
         -3.54718091e-01,   2.04193195e-01,  -8.70764097e-01,
         -8.41701900e-01,  -7.01686833e-01,  -6.15085973e-01,
         -1.04170377e+00,  -6.31972592e-01,   6.43646167e-01,
          1.75647678e-01,  -8.28054560e-02,  -6.18960452e-01,
         -1.76919463e-01,  -6.60556300e-01,   8.57317190e-01,
          5.30840461e-01,   1.60572770e-01,  -9.22884858e-01,
          2.61607041e-01,   7.55235853e-02,  -2.84538524e-01,
          2.40617417e-01,   8.48365381e-01,   8.14032614e-01,
         -2.82646897e-01,  -3.79685602e-01,  -5.13359014e-01,
          8.34930774e-02,  -1.57695548e-01,   1.98854237e-01,
         -5.12237909e-01,  -3.96872000e-02,  -9.33036338e-01,
         -3.89097041e-01,   1.02014538e+00,  -7.30091283e-01,
          1.95688563e-01,   1.18965674e+00,   1.24497878e-01,
          1.18006551e-01,  -1.54086184e+00,  -4.30089289e-01,
          2.49529909e-01,   2.24639351e-04],
       [ -1.91382226e+00,  -5.63220920e+00,  -1.03817941e+00,
         -4.95634289e+00,  -1.13101357e+00,   1.40521714e+00,
         -3.58429811e-01,   1.85815159e-01,   1.36113538e-01,
         -4.58330091e+00,  -3.29720903e+00,   3.19548475e-01,
          2.21598845e+00,  -3.69687825e-01,   1.11637702e+00,
          6.63386451e-01,   1.85923882e+00,   2.11577739e+00,
         -4.22076652e+00,   1.06034940e+00,   2.44556949e+00,
         -1.01783696e+00,   1.02876786e+00,   1.28075425e+00,
          8.69876244e-02,   8.34107588e-02,   3.48455205e-01,
         -3.04455818e+00,   5.77256550e-02,  -2.91073789e-01,
          2.32526273e-01,  -1.82303754e+00,   1.03184585e+00,
          2.26143675e+00,  -1.75152628e+00,   1.53484958e+00,
          1.48247356e+00,  -3.88897446e-01,  -3.62236724e+00,
         -9.06721156e-01,   2.83443532e+00,   9.38135329e-01,
         -2.95602270e-01,   1.54408635e-01,   3.51057973e-01,
          1.71444780e+00,  -1.81780688e+00,   1.78043873e+00,
         -2.59353051e+00,   2.07099247e+00],
       [ -6.72821552e-01,   2.76349570e-01,  -1.09126827e+00,
          5.29922713e-01,   1.19645362e+00,  -8.98294866e-01,
          5.31010800e-01,  -1.06141451e+00,  -3.60287395e-01,
         -1.42246234e+00,  -2.70591443e-01,   5.74475117e-02,
          1.47251064e+00,  -1.29938740e-01,   8.52787404e-01,
          6.65846990e-02,   2.15108232e+00,   8.75240852e-01,
         -2.79366669e+00,   8.74821935e-01,  -2.71373127e-01,
         -1.61995596e+00,  -1.14529848e-01,   4.65532401e-01,
         -7.71321349e-01,  -5.75374126e-01,  -1.90575762e+00,
          3.86607604e-01,  -1.38020170e+00,   1.27093692e+00,
          7.79333786e-01,  -1.28866895e+00,  -3.63519604e-01,
          9.19773949e-01,   6.14249683e-01,   2.15215699e-01,
          2.51210843e-02,  -2.58843412e-01,  -5.87477262e-01,
         -8.42151019e-01,   2.13559402e-01,  -2.53261868e-02,
         -2.60180070e-01,   1.00170071e+00,  -1.51289813e+00,
         -9.40618858e-01,   1.34117316e+00,  -9.42173344e-01,
         -1.77292646e+00,   1.20562589e+00],
       [  2.65200007e-01,  -7.72131762e-01,   2.54519084e+00,
          1.56027567e+00,  -1.19560848e+00,   1.34933860e+00,
          1.23941204e+00,   5.00430223e-01,   1.56234089e+00,
         -3.09876988e+00,  -2.95053446e+00,  -2.62440108e+00,
          1.12306445e+00,   5.92877452e-01,   5.86861770e-01,
         -9.69127979e-01,   7.50605366e-01,  -9.38313857e-01,
         -3.38753498e+00,   1.64568346e+00,   2.13631975e+00,
          4.09163731e-01,   2.15557637e+00,   1.69453668e+00,
         -1.37213437e+00,  -3.14547486e+00,  -2.07608688e+00,
         -2.04610745e+00,  -1.02194780e+00,   1.97554988e+00,
         -1.12816276e+00,  -7.33246332e-01,   1.33510387e-01,
          2.34155097e+00,   1.66997532e-01,   1.67610680e+00,
          7.45886498e-01,   2.23075759e+00,  -1.02547388e+00,
          3.45196486e-01,   3.78516150e-01,   1.68630821e-01,
         -2.43979957e+00,  -1.04743226e-01,  -7.55332390e-01,
         -4.55961730e+00,  -1.63738138e+00,  -1.25591907e+00,
         -1.68312797e+00,  -1.92338951e-01],
       [ -1.08421842e+00,   6.18552586e-01,   6.56908055e-01,
         -1.43737368e+00,  -1.29580046e+00,   5.95780091e-01,
         -5.64289523e-01,   3.25146261e-01,  -1.13864696e-01,
         -2.12039889e+00,  -8.04428177e-01,  -2.89348741e-01,
          1.62666385e+00,   3.24233993e-01,   7.55879653e-02,
          1.00329812e+00,   7.95185152e-01,   8.26847922e-01,
         -5.89673005e-01,  -1.13924250e+00,   1.00532255e+00,
          7.22114380e-01,  -2.34648947e-01,   6.45077785e-01,
          4.40610345e-02,  -3.30100461e-01,  -1.61360967e+00,
         -9.18560481e-01,   6.75074535e-01,  -5.51745441e-01,
         -1.94154998e-01,   7.69288543e-01,   8.34463854e-01,
          6.34013447e-01,  -1.19706812e+00,   6.30819944e-01,
         -4.04406420e-01,  -6.42442745e-02,  -1.53259294e+00,
         -7.64444832e-01,  -4.47516971e-01,  -3.91173985e-01,
         -1.07096419e+00,   6.95963708e-01,  -8.10930619e-01,
         -6.00403202e-01,   1.52902676e-01,  -6.07530901e-01,
         -7.28189723e-01,   1.41171137e+00]])