array([[ -2.14660478e-01,   4.34368270e-01,  -4.18903221e-01,
         -2.37355056e-02,  -1.50335305e-01,   2.53922097e-01,
         -1.98741122e-01,   6.41267089e-01,  -2.46742807e-01],
       [ -3.19525862e-02,  -2.38483385e-01,   3.91959918e-03,
          1.47344862e-01,  -8.03323125e-02,   1.44670141e-03,
          7.96010310e-03,  -6.98260097e-02,  -4.35082905e-02],
       [ -2.23241016e-01,   1.73842282e-01,   1.90302476e-01,
          1.18151976e-01,  -2.37424193e-01,  -2.44961337e-01,
         -2.86901466e-01,   2.23049152e-01,  -2.70178835e-01],
       [ -1.93529455e-01,   3.78895516e-01,  -1.76716953e-01,
         -1.66457559e-01,  -3.16697698e-01,   2.56734065e-01,
          1.82093281e-01,   1.27722020e-01,  -1.22992653e-01],
       [ -2.70160337e-01,   2.35906589e-01,   2.18421775e-01,
         -3.51005954e-02,  -2.83474953e-01,   2.41346019e-01,
          5.26685262e-02,   1.26146572e-01,   4.83519684e-01],
       [  3.97070657e-01,   3.18643555e-01,  -5.01762895e-03,
          6.87008405e-02,  -8.40698280e-03,   2.19118255e-01,
          4.82396713e-03,   2.98943923e-01,  -3.84311009e-01],
       [  1.92177482e-01,  -2.08489250e-01,  -2.41510259e-01,
         -6.21398091e-03,  -2.26761729e-01,   5.07046275e-02,
          2.08025650e-01,   1.33211220e-01,   3.60638908e-01],
       [ -2.09906750e-01,  -2.30744053e-01,  -2.32876205e-01,
          9.23465163e-02,  -5.14785158e-01,   3.41616538e-01,
          2.85098664e-01,   1.17845417e-01,   1.05823517e-01],
       [ -1.23781107e-01,   2.87188212e-01,   1.35065131e-01,
         -2.28132795e-01,   1.09996568e-01,   3.17364515e-02,
          1.91968750e-01,   3.31816355e-03,  -2.51287497e-01],
       [ -1.98196388e-01,   1.72269846e-01,  -2.04868743e-01,
          2.05652003e-01,  -2.28731494e-01,   9.77250096e-02,
          9.93046286e-02,   6.79814993e-02,   1.08440076e-01],
       [ -2.03157551e-01,   1.04708289e-01,   8.52034180e-02,
         -2.38099605e-01,   1.87394838e-02,   2.05192707e-01,
         -7.56988171e-03,   1.33710857e-01,  -6.00614366e-02],
       [ -2.48884757e-02,  -1.42542613e-01,   1.50532288e-01,
          3.28735510e-01,   1.96193205e-02,   1.52601041e-02,
          4.09141615e-02,  -2.58041865e-01,   7.81288733e-03],
       [  4.08910356e-02,   1.37970250e-01,  -1.44415319e-01,
         -1.97931298e-01,  -9.99682985e-02,   2.87206009e-01,
         -3.59895985e-02,   4.22189637e-01,   2.04991260e-02],
       [ -2.63235152e-01,   3.64527892e-01,  -2.88556728e-01,
          3.19830333e-02,  -9.18067435e-04,  -8.28125305e-02,
          6.84437628e-02,   2.05644695e-01,  -2.53864178e-01],
       [ -4.00080492e-01,   3.43675827e-01,  -2.60215230e-01,
         -2.15052830e-01,  -2.01538740e-01,  -6.20389509e-02,
          9.48551194e-02,   1.43873934e-01,  -8.29815780e-02],
       [  7.26653194e-02,  -4.24084248e-02,  -1.07297470e-01,
          1.94425235e-01,  -6.37547404e-01,   5.81575880e-01,
          1.47982871e-01,   1.11743554e-01,  -1.39011131e-01],
       [  1.14252946e-01,  -7.92060627e-02,   2.77089375e-02,
         -2.76452501e-03,  -2.33372780e-01,   2.52230979e-01,
         -6.49720315e-02,  -7.46006789e-02,  -3.08471647e-01],
       [ -3.98897147e-01,   2.45630600e-01,  -2.41229636e-01,
          6.08725856e-02,  -4.13671875e-01,   2.90101500e-01,
          2.37411955e-01,   3.32146973e-01,   1.02174678e-01],
       [ -2.38853086e-01,   1.51744052e-01,  -1.57639968e-01,
          1.51641979e-01,  -4.94881237e-01,   1.56544007e-01,
          2.72336643e-01,   4.66850724e-01,   1.71204121e-02],
       [  7.04068101e-02,   3.53610182e-01,  -2.59719721e-01,
          3.91086970e-01,  -5.10486452e-01,   3.13992574e-01,
          1.36546582e-01,  -1.97807972e-01,  -4.26429407e-01],
       [ -1.27372064e-01,  -6.92987024e-02,  -1.19690740e-01,
         -2.51329504e-02,  -8.36482843e-02,   1.21510492e-01,
          1.43239174e-01,  -9.25966668e-02,  -2.00092653e-01],
       [ -9.31963340e-02,   2.34086622e-01,  -3.62901912e-01,
          1.81273443e-01,  -5.14325049e-01,  -1.21964548e-01,
         -4.36335276e-02,   1.78949569e-01,  -4.35393850e-01],
       [  1.10544693e-01,  -6.18276041e-02,   5.73932999e-02,
          6.28976764e-02,  -4.19897250e-01,  -2.37013674e-01,
         -2.85809445e-01,   1.63195150e-01,  -3.24113676e-01],
       [ -2.36908912e-01,   1.01700498e-01,  -1.40556554e-01,
          3.51649099e-01,  -8.72007048e-02,   3.99442737e-01,
         -3.11429678e-01,  -1.27648776e-02,  -3.18071138e-01],
       [  5.29257253e-02,   5.52583501e-01,  -2.88955133e-01,
         -5.60173221e-02,  -8.14478876e-01,   5.99807688e-01,
          1.99172846e-01,   4.48022869e-01,  -3.88748559e-01],
       [ -9.88292423e-02,   1.84351921e-01,  -1.04206235e-01,
          1.35485206e-01,  -1.04323445e-01,   7.72015805e-02,
         -4.37964150e-02,  -1.65916136e-01,  -1.91007222e-01],
       [  1.07034793e-01,   2.45348798e-01,  -1.18444283e-01,
          8.97939975e-02,  -2.10129593e-01,  -1.65011277e-01,
          2.12109861e-01,   5.40041300e-02,   1.83418119e-02],
       [ -1.95973488e-01,  -1.32300425e-01,   8.79091120e-02,
          3.85251164e-02,  -1.31276665e-01,   2.74723962e-01,
         -8.00984178e-02,  -2.22265360e-01,  -5.75360089e-02],
       [  1.38563052e-01,   2.39566599e-01,  -1.84787649e-01,
          4.30440490e-01,  -3.18701030e-01,  -2.11854668e-02,
          2.11132401e-01,   1.20536458e-01,  -4.10463377e-02],
       [ -4.89056238e-02,   2.65672972e-01,   6.52655162e-02,
          1.03757489e-01,  -4.37221937e-01,   2.47516423e-01,
          1.86759393e-01,  -1.34206495e-01,  -1.14782356e-01],
       [  3.12664007e-01,   3.03801341e-01,   2.45081723e-02,
          4.14316245e-01,  -3.26079468e-01,   3.70215179e-01,
         -1.28486652e-01,   1.99816871e-01,  -4.26128555e-02],
       [  1.07379742e-01,  -1.18652557e-01,  -1.37030152e-01,
         -3.09553370e-02,  -3.78540490e-02,  -8.83018549e-02,
          1.95500232e-01,  -2.92313534e-02,   1.19116243e-01],
       [  2.55349101e-02,   4.70808433e-02,  -9.21623059e-02,
          3.52279025e-02,  -2.97643355e-01,   1.07031718e-01,
          1.64587348e-01,  -7.68392637e-02,  -1.29967820e-01],
       [  2.76830501e-01,   1.41653838e-01,  -1.95265447e-01,
         -2.83331881e-02,  -6.41377239e-02,  -2.26359314e-01,
         -3.84468529e-02,   4.02080890e-01,  -1.97842713e-01],
       [  2.58097993e-02,   3.06320127e-01,  -4.06109938e-01,
         -1.05134392e-02,  -1.59955652e-01,  -9.77079336e-03,
          3.44187669e-01,   1.67677213e-01,  -7.44764742e-02],
       [ -1.01785227e-02,  -4.73004184e-02,  -1.42099911e-01,
          2.47908327e-01,  -2.47970606e-01,   9.79404049e-02,
          2.08297167e-01,   1.27515905e-01,   4.00884371e-02],
       [ -3.99663708e-02,   1.99981758e-02,   1.06715492e-01,
          3.17382451e-01,  -1.81942623e-01,   1.19932511e-01,
         -3.05730219e-01,  -2.08898789e-01,  -2.98508309e-01],
       [  1.16370832e-01,  -3.13711379e-02,  -2.52725800e-01,
          1.32407048e-01,  -4.21029619e-01,   3.97333548e-01,
         -2.97573514e-02,   1.23262041e-01,  -8.18908918e-03],
       [ -3.64252982e-01,   4.03719866e-01,   6.24791185e-02,
         -5.30086867e-02,  -3.50661999e-01,   9.52823830e-02,
          9.03441604e-02,   1.61511987e-02,  -5.66830064e-03],
       [ -2.01765618e-01,  -1.21674281e-01,   7.60805728e-02,
         -4.96080925e-02,  -2.38376092e-01,   3.69457175e-02,
          1.33487077e-01,  -1.08865035e-01,   1.40361542e-01],
       [  3.74303676e-02,   2.45788985e-01,  -1.90303603e-02,
          1.88401080e-01,  -3.44499577e-01,   5.85597774e-02,
         -2.52227324e-01,   3.49509619e-01,  -3.43354442e-01],
       [  4.27077261e-02,  -3.65325937e-02,  -7.24193267e-02,
         -1.65512956e-01,   1.41939678e-01,   1.81380218e-01,
         -1.77713509e-01,  -1.23303459e-01,  -3.11752671e-02],
       [  9.02838811e-02,   2.12742270e-01,  -3.19212585e-01,
          1.71894610e-01,  -4.06699288e-01,  -2.36003054e-01,
          1.22746638e-01,   7.15582588e-02,   5.05792008e-02],
       [ -2.16015097e-02,  -1.42345219e-02,  -1.01375995e-02,
         -3.24946964e-01,  -2.38796670e-01,  -9.32787385e-02,
          1.24491650e-01,   5.83968251e-02,  -9.73763337e-02],
       [ -1.58964507e-01,   1.94115944e-01,  -2.56001289e-01,
          2.99722410e-01,  -4.72619722e-01,   2.10483308e-01,
          1.70517715e-01,   1.27958240e-01,  -3.96585186e-02],
       [  5.89881212e-02,  -6.88106346e-02,   1.52954245e-01,
          1.67485758e-01,  -4.91767944e-02,   3.76847613e-01,
         -1.53842322e-01,  -2.43323607e-01,  -1.21846842e-01],
       [ -8.83937525e-03,   4.29900585e-01,  -1.42114825e-01,
          3.04151181e-01,  -3.17214241e-01,   3.01050877e-01,
         -3.52825157e-01,   3.58216416e-01,  -5.12400262e-01],
       [  1.03689643e-01,   3.75060662e-01,   1.67749890e-01,
          2.21337307e-01,   1.57333749e-02,   1.20281402e-01,
          6.71704018e-02,   3.23030510e-01,  -2.74558889e-01],
       [ -1.32116538e-01,  -3.00750554e-02,   2.11123129e-01,
          3.68007077e-01,  -9.26128880e-02,   3.26788764e-01,
         -2.37064213e-02,   1.17962746e-01,  -2.35988197e-01],
       [  1.43722191e-01,   5.71295389e-02,  -7.73057918e-02,
          1.82149036e-01,  -1.97147629e-01,   7.86901267e-02,
         -6.49740011e-02,   1.66321105e-01,  -1.42747455e-02],
       [ -1.12625987e-01,   9.94230073e-02,  -3.85832825e-01,
          5.11686652e-02,  -6.61478196e-02,   8.59340575e-02,
         -1.57146649e-01,   1.14144113e-01,  -1.70164384e-01],
       [  2.16491541e-01,   2.68600373e-01,  -1.74883363e-01,
          5.35894727e-02,  -1.42822260e-01,  -2.15842261e-01,
          1.63665769e-01,   5.72092336e-02,  -1.04406631e-01],
       [ -4.58462296e-01,   8.86151332e-02,   4.69554923e-02,
          1.84302147e-01,   6.19032608e-02,   8.60854235e-02,
         -4.72051301e-02,   1.42874083e-02,   2.17279177e-04],
       [ -4.84106867e-02,   1.86885227e-01,   1.48328541e-01,
          4.06588207e-01,  -2.06492910e-01,   2.85539817e-01,
         -4.12434669e-02,  -1.27197945e-01,   2.10599704e-02],
       [ -3.87218484e-01,   2.14592502e-01,  -2.25733671e-01,
          1.96069416e-01,  -2.69849290e-01,   2.28653731e-01,
         -6.06446266e-02,   2.11156188e-01,  -1.16303985e-01],
       [ -5.06160333e-02,   3.45190095e-01,   1.39557200e-01,
          2.31074313e-01,  -4.45075535e-01,  -5.96031453e-02,
         -2.55926413e-01,   1.23607738e-01,  -2.87852552e-01],
       [ -3.20808039e-01,   2.66557107e-01,   4.20648396e-02,
         -7.89078691e-02,  -3.48054530e-01,   1.34013402e-01,
          7.71847637e-02,   3.43299621e-01,  -1.09042880e-01],
       [ -2.28901244e-01,   1.62573856e-01,   1.14202724e-02,
          1.74988658e-01,  -4.43412089e-01,   1.43773727e-01,
         -2.81238124e-01,   2.01508262e-01,  -2.43955664e-04],
       [  6.35404988e-02,   2.55500647e-01,  -2.25185450e-01,
         -9.40162543e-02,  -1.47108129e-01,   2.28239163e-01,
          7.41828806e-02,   1.99685905e-01,  -7.62401101e-02],
       [  8.44633054e-02,   2.07737487e-03,  -1.59130872e-01,
          1.31360385e-01,  -3.21800707e-01,   9.02117478e-02,
          1.24058232e-01,   1.99279208e-01,   1.14327943e-02],
       [ -3.71203860e-02,   3.07952672e-01,  -1.04811219e-01,
         -2.39335031e-01,  -3.31302393e-01,  -2.08219820e-01,
          7.82764963e-02,   4.73143761e-01,  -2.27723184e-01],
       [  2.60057832e-01,   1.40987928e-01,  -3.21623465e-01,
          2.32823967e-01,  -1.54445274e-01,  -2.84342096e-01,
          1.74027935e-01,   4.22885739e-01,  -4.29662074e-01],
       [ -2.95432241e-01,   3.29705529e-01,  -2.80852115e-01,
          1.77889622e-01,  -1.42835888e-01,   9.04475471e-02,
         -1.24183829e-01,   1.37848696e-01,  -1.43268404e-02],
       [ -3.71505597e-01,   5.98146469e-02,  -1.78267625e-01,
          2.66741083e-01,  -4.61605173e-01,   4.09414968e-01,
         -9.69250311e-02,   1.78380590e-01,  -3.24410542e-01],
       [ -3.90911222e-02,   1.67826141e-01,  -3.21343857e-01,
         -1.47831148e-01,  -4.20682345e-01,  -6.07963543e-02,
          2.51292062e-01,   3.81527281e-01,  -3.70344258e-01],
       [ -3.56318752e-01,  -7.44468953e-02,  -3.29110277e-01,
          7.48361115e-02,  -5.56280775e-02,   3.12766577e-01,
         -5.89029430e-02,   2.05562533e-01,   2.99081317e-02],
       [ -3.03287808e-01,   2.98876076e-01,  -1.66804481e-01,
          6.66520676e-02,  -4.36695334e-01,   3.59150167e-01,
         -6.23950982e-02,   2.94110644e-01,  -1.80119228e-01],
       [ -3.66487269e-01,   6.44014100e-02,  -1.47336913e-01,
         -7.05913009e-02,  -1.00860657e-01,   2.82860319e-01,
          1.29445904e-01,   3.07442233e-01,   8.98521935e-03],
       [ -1.80091775e-01,   7.60236806e-02,   1.41296218e-01,
          1.91081865e-01,  -5.16185978e-02,  -6.90372407e-02,
          4.34735351e-02,  -5.99754653e-02,  -2.70327798e-01],
       [ -2.27679804e-01,  -1.98715153e-01,   4.34866591e-02,
         -1.83381231e-02,  -2.67368681e-01,   3.56728859e-01,
          1.25704781e-01,  -1.46089314e-01,   1.58226830e-01],
       [  2.51751610e-01,   2.16170858e-01,  -9.71613804e-02,
          1.45197685e-01,  -5.85269955e-02,  -2.33042206e-01,
          8.66419763e-04,   2.45380640e-01,  -4.19520013e-02],
       [ -5.20851174e-02,   2.87786239e-01,  -9.93863811e-02,
          3.17249505e-02,  -3.14876368e-01,   3.63637566e-01,
          2.84445625e-01,   4.11734400e-02,  -2.07084116e-01],
       [ -1.27498425e-01,  -4.36726839e-02,  -1.45430760e-01,
          2.09428513e-01,  -3.57214463e-01,   4.48733105e-01,
          1.17689838e-01,  -7.58989131e-02,  -3.17591038e-03],
       [  3.72985665e-02,   2.25006250e-01,   9.53119993e-02,
         -1.51706454e-01,  -1.28190908e-01,   4.96586416e-03,
         -7.22469061e-02,   3.55634944e-01,  -1.51710607e-01],
       [ -2.38318640e-03,  -7.01007870e-02,   6.32364231e-02,
         -2.26843158e-01,  -4.38431592e-02,   1.36192923e-01,
          9.21866624e-03,  -9.74758928e-02,  -6.02827027e-02],
       [  2.75968189e-02,  -2.26737488e-01,   6.00971518e-02,
         -3.99584906e-02,  -1.04597670e-01,   3.56318940e-01,
         -9.60310068e-02,  -2.02180619e-02,  -1.20519362e-01],
       [ -3.51990158e-01,   1.66218640e-01,  -8.99315314e-02,
          3.73195317e-01,  -3.56726732e-01,   9.98936093e-02,
         -2.39350756e-01,   3.62119507e-01,  -1.91115427e-01],
       [ -9.71936229e-02,   1.77128509e-01,   1.05593409e-01,
          1.84460483e-01,   1.88471784e-01,   1.84597399e-01,
          1.74094670e-01,  -1.05879238e-01,   5.35135200e-02],
       [  2.77985984e-01,  -1.69496871e-02,  -3.27567031e-01,
          2.81413747e-01,  -6.58536406e-02,   1.37726114e-01,
         -1.64412166e-01,  -1.63719771e-01,  -1.49426680e-01],
       [ -6.96921207e-02,   1.35789863e-01,  -1.90877784e-01,
          4.03222285e-01,  -1.82316437e-01,  -1.31662764e-01,
          1.98511994e-01,   2.05264391e-01,  -2.17118584e-04],
       [ -1.45179447e-01,   3.71604907e-01,  -1.58773705e-01,
          3.08279237e-01,  -4.45291647e-01,   1.69909330e-01,
         -6.45083115e-02,   7.25755004e-02,  -1.05219122e-01],
       [  2.43388479e-01,   3.32559711e-01,   7.58139955e-02,
          2.09991135e-01,  -4.89728283e-01,   1.99681435e-01,
         -2.63319928e-02,  -7.60257211e-02,  -8.77537259e-02],
       [ -1.16705200e-01,   1.77924046e-02,  -2.08829103e-01,
          2.81658174e-01,  -9.38188069e-02,   1.93141841e-01,
          1.03472882e-02,   2.03108587e-01,  -2.00545943e-01],
       [  1.79641526e-01,  -8.23227071e-02,  -2.41348762e-01,
          5.99908305e-02,  -1.95415818e-02,   3.05131960e-01,
         -1.53680982e-01,  -1.86031925e-01,  -7.10806690e-02],
       [ -1.31281641e-01,  -4.63528528e-02,  -5.93504434e-02,
          1.96458444e-01,  -5.67276280e-01,   5.77775603e-01,
          1.11906318e-01,   2.01004298e-01,  -4.15147470e-02],
       [ -8.55429106e-02,   5.32614808e-01,  -9.09988955e-02,
         -7.05094672e-02,  -2.41748972e-01,   4.14676279e-01,
         -8.82274728e-02,   2.79544284e-01,  -1.07259242e-01],
       [  2.97425698e-01,   2.09752725e-01,  -3.29825969e-01,
          2.22983031e-01,  -6.31601696e-01,   5.52890536e-02,
         -1.87528231e-03,   3.54645757e-01,  -1.37826977e-01],
       [  1.16229328e-01,  -2.04621302e-01,  -1.71498568e-01,
          9.37684440e-03,  -2.21859786e-01,   2.51483526e-01,
         -2.41507396e-01,  -2.71613444e-01,  -1.70550145e-01],
       [ -1.07063946e-01,  -7.26634636e-02,  -1.94480608e-03,
          2.47147947e-01,  -1.01617168e-01,   3.21073720e-01,
         -8.23625033e-02,   1.30279901e-01,   1.29743720e-01],
       [ -3.88099775e-01,  -8.88018452e-02,   3.00276973e-02,
         -1.59876407e-01,  -4.74569156e-01,   2.91372948e-01,
          3.03891957e-01,   1.62152282e-01,   1.21612297e-01],
       [  2.08468118e-03,   2.50721763e-02,   1.52856214e-01,
          3.30543153e-01,  -1.42706414e-01,   3.54076520e-01,
         -2.10014332e-01,  -1.91139675e-01,  -2.84918792e-01],
       [  1.38027896e-01,  -1.47206938e-01,  -2.38162314e-01,
          2.96777085e-01,  -3.24514605e-01,  -1.26052925e-02,
         -1.38015400e-02,   1.61898978e-01,  -3.36508592e-01],
       [ -5.36106070e-02,  -1.93723997e-01,   8.47846625e-02,
          3.17980105e-01,  -1.36854757e-01,  -6.16049180e-02,
         -1.80324316e-01,  -1.75093911e-01,  -2.43029449e-02],
       [  2.29605329e-01,  -8.93778686e-02,  -2.06336210e-01,
          4.00701670e-01,  -1.20930838e-01,   4.91985474e-01,
         -1.52966584e-01,   1.50279578e-01,  -2.83100733e-01],
       [  1.34174863e-01,   1.15178951e-01,  -7.20952112e-02,
          9.73938292e-02,  -1.87816551e-02,  -1.95059900e-01,
          9.70204458e-04,   6.99071124e-02,  -1.85169246e-01],
       [ -3.44922368e-01,   1.88048508e-01,   2.15526441e-01,
          3.83052407e-02,   1.02198649e-02,  -1.80777874e-01,
          8.13041103e-02,   2.83205130e-01,   2.46572012e-01],
       [ -3.72722311e-01,   3.18673900e-01,  -2.53190967e-01,
          2.28540052e-01,   9.28824438e-02,   2.46735923e-01,
         -2.55645809e-01,   3.19634841e-01,   5.90278953e-02],
       [  1.40798289e-01,   5.32707916e-02,  -2.63936686e-01,
         -1.76057507e-01,   5.91183610e-02,  -1.82163159e-01,
          1.07961924e-01,   3.04861509e-02,  -3.62314302e-01],
       [  2.43356750e-02,   1.78085252e-01,   2.29536162e-02,
          2.05526993e-01,  -1.64145039e-01,   4.02497186e-01,
          2.37529787e-01,   1.85979815e-01,  -2.36363424e-02],
       [ -9.42483569e-02,  -2.63726633e-01,  -2.51334478e-01,
         -1.21989241e-01,  -1.37388732e-01,   5.64282515e-03,
         -1.05473866e-01,  -1.47938074e-03,  -1.63174105e-01]]),array([[ -2.78063627e-01,  -1.73943532e-01,  -2.90313442e-01,
         -8.31111186e-02,   5.90844139e-02,  -2.83673908e-01,
         -9.47199778e-02,  -1.32278208e-01,   8.79067690e-02,
         -1.79836099e-01,  -1.23571895e-01,  -1.70600220e-01,
         -3.23858551e-02,  -1.76067998e-02,  -1.19017992e-01,
         -3.96333247e-02,   3.09545157e-02,  -2.03373697e-02,
          1.03603774e-01,  -1.83790727e-01,   7.81599912e-02,
         -5.62994343e-02,  -2.33227791e-01,  -2.53428105e-01,
          2.25671933e-02,  -6.96290918e-02,   1.78861033e-02,
          1.44222444e-01,  -1.34898293e-01,  -2.16253714e-01,
         -3.50915716e-01,   7.32652402e-02,   4.45100773e-02,
         -2.03432773e-01,   1.26500454e-01,   1.86230185e-01,
         -1.42679361e-02,  -5.18630263e-02,   2.30254238e-02,
          6.30227308e-02,  -2.12485421e-01,   4.34816478e-02,
         -1.99970627e-02,   2.15050256e-02,  -7.88899008e-03,
          6.02493851e-03,  -1.73183717e-02,   6.07386285e-02,
          9.52853636e-02,  -1.50183329e-01,  -2.56581051e-01,
         -2.47818643e-02,  -1.85499267e-01,   7.07427955e-02,
         -1.04315387e-01,  -3.42981736e-01,   1.25771169e-01,
          4.42608720e-02,  -1.67596201e-01,   1.55502921e-02,
         -8.62709365e-02,   1.10639942e-01,  -6.20023131e-02,
         -2.21651554e-01,   1.44386667e-01,  -1.53902151e-01,
         -2.54254841e-01,   8.59572898e-02,   1.00086447e-02,
          2.12241952e-01,   4.40882238e-02,  -1.22692941e-01,
         -2.56810982e-02,   4.50359583e-02,  -2.27532518e-01,
         -2.44433560e-01,   6.10872470e-02,  -1.63541512e-01,
         -1.61831843e-01,  -7.90291919e-05,  -6.18959460e-02,
         -3.03679529e-01,  -3.06502134e-01,   1.01828970e-01,
          9.91180406e-02,  -2.20323336e-01,  -5.30199788e-02,
         -8.11320531e-02,  -3.30002245e-01,  -5.79610476e-02,
          9.50763544e-03,  -1.73754521e-01,  -2.09044652e-02,
         -3.12372927e-01,   4.90760592e-02,   9.32721463e-02,
         -3.27218610e-02,   1.66546158e-02,   2.28286511e-02,
         -1.71518514e-01],
       [ -2.18371101e-01,  -2.12693346e-01,   2.85502053e-01,
         -2.11553060e-01,  -1.11391666e-01,   1.53486733e-01,
         -4.72821071e-01,  -5.40600305e-01,   2.34261322e-01,
         -3.00457085e-01,  -1.09744678e-01,   1.20293682e-01,
         -1.42611682e-01,   2.09109810e-01,  -3.18726808e-02,
         -5.32646266e-01,  -4.91807560e-02,  -3.34675298e-01,
         -3.48431461e-01,  -3.07341594e-01,   1.22490915e-01,
          7.29952211e-02,  -1.49888693e-01,   1.20244492e-01,
         -3.61568127e-01,   1.98281642e-01,   1.81549192e-03,
         -1.02494484e-01,  -9.02240187e-02,  -1.66899188e-01,
         -1.81859002e-01,  -5.01923571e-02,  -1.73412421e-02,
          9.61223655e-02,  -2.26267902e-01,  -1.93003950e-01,
          2.84559717e-01,  -4.65030425e-01,   1.17034526e-01,
         -2.44871929e-01,   1.85597135e-02,  -1.51698049e-01,
          3.89928642e-02,   1.68611802e-02,  -3.60684052e-01,
          1.00472043e-01,   2.70893750e-01,   2.31128597e-01,
          7.14150464e-02,  -6.57511975e-02,  -2.23768846e-01,
          6.37316642e-02,  -2.37909803e-02,  -6.56102279e-02,
         -1.71224067e-01,   1.02833046e-01,  -8.65220455e-02,
          6.54020448e-02,  -2.74040498e-01,  -2.57746574e-01,
          1.49663749e-01,   2.39097408e-01,  -8.06883183e-02,
         -1.07808311e-01,  -1.10394982e-01,  -3.00211355e-01,
         -1.48944287e-01,  -1.96995792e-01,   1.82909818e-01,
         -3.81168854e-01,   9.16829066e-02,  -8.77825325e-02,
         -3.95189229e-01,   8.12121996e-02,  -6.43264036e-02,
         -1.01350366e-01,   3.93546218e-02,  -2.50318586e-02,
          2.15274195e-02,  -1.57350149e-01,  -1.74861831e-01,
         -1.23795536e-01,  -1.88667634e-01,  -4.26498902e-03,
         -5.17489837e-01,  -6.48952300e-02,  -2.38492993e-01,
         -9.90988143e-02,  -7.31562839e-02,  -5.49762539e-01,
          1.80384607e-01,  -1.36281275e-01,  -4.80808074e-02,
         -1.77434215e-01,   3.56929343e-01,  -1.27739301e-02,
         -4.25979001e-02,   2.21531842e-01,  -2.09757293e-01,
         -1.50405346e-01],
       [ -5.25823174e-02,   2.65722108e-02,  -2.25711688e-01,
         -1.22977891e-01,  -3.31903878e-01,   1.43203842e-01,
          2.14221320e-02,   1.40813028e-01,   1.70271555e-01,
         -2.70629817e-01,   9.60512800e-02,  -1.93227461e-01,
         -1.04393383e-01,  -1.86224489e-01,   2.35720695e-01,
          2.67577871e-02,   2.40024303e-03,   2.59381650e-02,
         -1.21900234e-01,  -1.52019924e-01,  -1.26335694e-01,
         -1.82358652e-01,  -2.70197452e-01,  -1.36114792e-01,
         -9.56388351e-02,   6.66546755e-02,  -4.02532469e-03,
         -1.70468479e-02,  -2.35005145e-02,   4.14826617e-02,
         -2.78922887e-02,  -1.13811217e-01,   7.20019367e-02,
          1.26821487e-01,   1.66499857e-01,  -5.03214639e-03,
         -2.47836233e-01,  -1.43599791e-01,   3.12397336e-02,
         -2.70708270e-01,  -1.57248676e-02,   2.00557179e-02,
         -2.38526918e-01,   1.13283166e-01,  -2.21153517e-01,
         -1.65100240e-01,  -1.36077029e-02,  -2.25457466e-01,
         -2.18425487e-01,  -2.50902736e-01,  -1.57285383e-01,
          4.42323737e-02,   5.56619587e-02,  -1.94824775e-01,
          1.97616186e-02,  -3.41295802e-01,  -1.55066830e-01,
         -2.99424482e-01,   7.66594183e-02,  -2.39204060e-01,
         -1.17910589e-01,  -6.39680960e-03,  -1.32350027e-01,
         -2.43824541e-01,   1.24401569e-01,  -1.00374607e-01,
         -4.83386163e-02,  -8.60477671e-02,   2.96251624e-02,
         -5.45860362e-02,  -5.64658453e-02,   1.15555240e-01,
         -3.83345028e-02,   2.88920081e-02,   5.79720804e-02,
          1.90404110e-01,  -7.11619009e-03,  -3.35886226e-02,
         -2.00300727e-01,  -3.26347304e-01,  -3.82681156e-02,
         -5.06462407e-02,  -1.43607329e-01,  -9.75792985e-02,
         -4.43400634e-02,   7.35898431e-02,  -3.02941152e-01,
         -6.23943272e-02,  -3.32605985e-02,  -2.08964382e-02,
         -1.05120530e-01,   1.17889234e-02,  -2.47537447e-01,
         -1.40780685e-01,   3.30761175e-02,  -1.30251695e-01,
         -6.11561886e-03,   1.53102275e-01,   4.91184337e-02,
          1.13766525e-01],
       [ -4.22481737e-01,   1.59215900e-01,  -1.88443787e-01,
         -4.54474294e-01,  -4.72498866e-01,   5.09894169e-03,
          1.13327320e-01,  -1.89436543e-02,  -1.19136489e-01,
         -1.98761002e-01,  -2.60607374e-01,   3.00101084e-01,
         -2.61831870e-01,  -1.63442020e-01,  -1.65041061e-01,
         -1.74988208e-01,   1.78621733e-01,  -4.30838709e-01,
         -4.24421135e-01,  -2.10679144e-02,   6.40657252e-02,
         -1.56370865e-01,   1.39554477e-01,  -2.78791241e-01,
         -5.33783126e-01,   9.02308593e-02,   2.52392079e-01,
          1.46198318e-01,   2.45640481e-01,  -6.32291459e-02,
         -6.56695460e-03,   3.36747164e-01,   8.61152189e-02,
          3.36205787e-01,   1.69118745e-01,   3.74413138e-02,
          1.82924958e-01,  -7.04168679e-02,  -4.37397482e-01,
         -8.38939678e-02,  -2.45204115e-01,   6.11346379e-02,
          2.40439565e-01,  -8.29261855e-02,  -2.44721242e-01,
          2.47158246e-01,  -4.04939504e-01,  -1.71506684e-01,
         -1.18735307e-01,   1.10795683e-01,   1.08799892e-02,
          2.36988443e-01,  -2.72890069e-01,  -1.25500559e-01,
         -5.74490034e-01,  -1.34240031e-01,  -3.08555690e-01,
         -4.24002689e-01,  -1.66139473e-01,  -6.87439524e-02,
         -2.12870160e-01,   3.39825929e-01,  -2.74963904e-01,
         -6.27377731e-01,  -1.40163147e-01,  -2.71747795e-01,
         -5.63875256e-01,  -2.53404616e-01,   6.35136637e-03,
         -9.89599525e-02,   2.39375252e-01,   7.81116723e-02,
          1.94297121e-02,  -2.80846735e-01,  -4.89312083e-02,
          4.96049106e-02,  -3.53065213e-01,   3.06313061e-02,
          2.99465085e-01,   9.65043806e-02,  -2.57343800e-01,
         -1.31056860e-01,   3.76106602e-03,   1.64675826e-01,
         -3.75159863e-01,  -3.25646053e-01,  -6.50750865e-02,
          6.81640380e-02,  -1.39492730e-01,  -3.45731011e-01,
         -3.46523668e-02,   6.68578600e-02,   2.64343898e-01,
         -9.77064243e-02,   3.37565297e-01,  -2.07204939e-01,
         -5.03662002e-01,   3.62102850e-01,  -2.09642664e-01,
          1.07580742e-01],
       [ -1.31978701e-01,  -1.59484260e-01,   3.82557254e-02,
         -1.54813544e-01,   8.80936629e-02,  -1.67072683e-01,
         -2.56968095e-01,   3.01915962e-01,  -7.61752314e-02,
         -7.98283248e-02,  -3.91954089e-02,  -3.88392100e-02,
         -1.56377650e-01,  -7.58578930e-02,   8.23680532e-02,
          4.63864125e-02,  -1.14138267e-01,   2.41087542e-01,
          4.27576290e-03,  -7.83865202e-02,   9.28280557e-02,
          2.23859826e-01,  -2.54312020e-01,   6.12676356e-02,
          1.16199420e-01,  -1.94637308e-01,  -1.14427716e-01,
          5.42120267e-03,   1.25942892e-02,   1.49948290e-01,
         -8.07114021e-03,  -4.40198139e-02,   1.14870116e-01,
         -1.92704397e-01,  -1.26618735e-01,  -1.42660906e-01,
         -7.89540521e-02,  -5.76154983e-02,  -9.18947596e-02,
         -8.76646452e-02,  -1.96794695e-01,  -4.24674271e-01,
          7.16179829e-02,  -2.42743613e-01,   2.03558249e-01,
         -3.44106985e-02,  -1.83393961e-01,  -1.94051561e-01,
          6.60340716e-02,   5.68533154e-03,  -2.95446357e-01,
         -2.38321743e-02,  -2.56247143e-01,  -8.26835371e-02,
          8.76725431e-02,   2.06719253e-01,   1.49800148e-01,
          9.41791515e-03,  -2.60947823e-01,  -1.80322408e-01,
         -5.60528046e-02,   6.77425477e-02,  -1.05769312e-01,
          3.46623678e-01,  -3.71994832e-02,  -1.59516874e-01,
          1.90394415e-01,   7.42294798e-02,   7.84217298e-02,
         -1.32923187e-01,  -3.05079182e-01,   2.22970602e-01,
         -4.24237751e-04,  -2.10828930e-01,  -2.59045885e-01,
         -7.62541883e-02,  -5.94507645e-02,  -1.72703290e-01,
         -3.12983334e-01,  -1.51502515e-02,  -8.17883768e-02,
         -1.04087116e-01,   1.35305855e-01,  -3.81570958e-01,
          1.66381321e-01,  -1.58130070e-01,  -1.53976359e-01,
         -1.98489087e-01,   1.15680916e-01,   7.69726871e-02,
         -1.55947293e-01,   1.44935376e-02,  -7.79681351e-02,
         -2.41125941e-01,  -3.50004752e-02,  -2.64154378e-01,
         -1.94692401e-01,  -5.06241026e-02,  -1.80917949e-03,
         -1.43598288e-02],
       [ -6.15668669e-01,   1.16829467e-01,  -2.58680499e-01,
         -1.97550579e-01,   1.89527300e-01,  -4.07044801e-01,
          2.01518053e-02,   4.41862700e-02,  -1.42426949e-02,
         -4.38001276e-02,   7.13287044e-02,   4.02816174e-01,
         -1.63201136e-01,  -2.88533055e-01,  -1.81855917e-01,
         -4.21090966e-02,   3.65969912e-02,  -2.50650861e-01,
         -4.20671204e-01,  -2.46890390e-01,   2.43063409e-01,
         -5.18384016e-01,  -3.27341950e-01,   8.27053028e-02,
         -7.00739192e-01,   6.21091553e-02,  -1.49129892e-01,
          4.44463207e-01,  -1.85958060e-01,  -1.27994141e-02,
         -2.01493702e-01,   3.75933928e-02,  -2.65874814e-02,
         -4.37019721e-01,  -3.14960735e-01,   1.92710667e-03,
          2.24417163e-01,  -1.41570031e-01,  -4.59692410e-02,
          1.58220513e-01,  -3.96190279e-01,   1.55184352e-01,
         -2.89318638e-01,  -9.99892103e-02,  -2.54472070e-01,
          4.44954247e-01,  -3.69079815e-01,  -2.45929433e-01,
          1.63787362e-01,  -1.00814414e-01,  -1.75826966e-01,
         -2.92749156e-01,   2.71871200e-01,   2.13346316e-01,
         -2.56586328e-01,  -4.27600490e-01,  -2.54947014e-01,
         -9.15477044e-02,  -2.53423335e-01,  -2.50299578e-01,
         -5.46717321e-01,  -5.41111448e-01,  -1.08549208e-01,
         -1.32961284e-01,  -5.93489340e-01,   9.59889637e-02,
         -2.82956505e-01,   4.92472231e-03,   6.86183630e-02,
          4.45090913e-01,  -3.25760665e-01,  -5.36929611e-02,
          1.63084401e-01,  -2.70529968e-01,   1.51330277e-01,
          2.21936986e-01,  -2.39340650e-01,   2.24241401e-01,
          6.08536360e-02,  -2.04865390e-01,  -3.52603160e-01,
         -1.65414340e-01,  -1.45478155e-01,   2.92435492e-01,
         -1.95132017e-03,  -2.25282129e-01,  -5.72167520e-01,
          1.32861404e-01,   2.78717579e-01,  -1.25748711e-02,
          2.82254162e-01,  -2.74848344e-01,   2.99074881e-01,
          4.10854794e-02,  -6.25863107e-02,  -4.64197306e-02,
         -1.23248610e-01,  -1.00150366e-01,  -7.25740397e-02,
          8.28909031e-02],
       [ -2.19072356e-01,   9.53365270e-02,   1.11982715e-01,
         -3.27287805e-01,   4.53350962e-02,  -1.63492556e-01,
          1.51550784e-01,  -8.30213035e-02,   6.01474379e-02,
         -3.95907276e-02,   3.62865551e-02,   1.57179339e-01,
         -1.02791230e-02,  -2.46237467e-01,   1.83007007e-01,
         -5.78407383e-02,   1.01796500e-01,  -2.36774962e-02,
         -1.42241617e-01,  -3.21439644e-01,   7.10116313e-02,
         -3.40597893e-01,   1.74214213e-01,  -3.73598110e-01,
         -1.37678948e-01,  -2.21436892e-01,   1.07431321e-01,
          1.80984731e-01,   2.34852042e-02,   9.10015356e-03,
         -1.63841134e-01,   1.23924165e-01,  -2.29366693e-01,
          7.56304051e-02,  -9.93051095e-02,   1.62705467e-01,
         -1.76101574e-02,   3.05883820e-02,  -2.33983177e-01,
         -1.38103252e-01,  -1.69881413e-01,   4.55243579e-02,
         -7.04225646e-02,  -1.18009339e-01,  -4.16297583e-01,
         -1.01925824e-01,  -2.98167141e-01,  -4.02829178e-02,
          9.96262870e-02,   1.99201289e-01,   1.42958898e-01,
          1.21876387e-01,   8.86559920e-02,  -1.53785057e-01,
         -8.17485189e-02,  -1.89219544e-02,   6.53056929e-02,
         -2.41598305e-02,   8.67858169e-02,  -1.05730044e-01,
         -2.17591131e-02,   1.54546583e-01,  -1.24644230e-01,
         -2.81969286e-01,  -2.70461507e-02,  -7.60968323e-02,
         -3.75462904e-01,  -1.21960514e-03,   2.62168525e-02,
          1.71700287e-01,  -1.39156191e-01,  -2.09457430e-01,
         -2.37985757e-01,   2.08901485e-02,  -1.64752089e-01,
         -1.93631540e-01,   9.00129061e-03,  -2.28297292e-01,
         -1.19644111e-01,   8.83879223e-02,  -4.05465301e-01,
         -2.16956830e-01,  -1.15446620e-01,  -1.63084861e-01,
         -4.26503181e-02,   1.08918442e-02,  -1.60601807e-01,
         -3.66507164e-02,   5.32104759e-02,  -2.16803531e-02,
         -1.84338646e-01,   4.20201272e-02,  -7.83013703e-02,
         -4.93504339e-02,  -1.50627276e-01,   4.29052521e-02,
          9.57351499e-03,  -1.74663485e-01,  -3.10749217e-01,
         -2.55113342e-01],
       [  1.65662140e-01,  -1.08065112e-01,   8.24104647e-02,
          9.12468468e-02,   2.07160117e-01,  -2.71073683e-01,
          2.47197443e-02,  -1.12391177e-01,   2.33005127e-02,
         -5.74999166e-02,   1.73682737e-01,  -1.14386944e-01,
          1.45861616e-01,   2.00872318e-01,   2.49772313e-01,
         -4.50235629e-01,  -2.53674324e-01,   1.64722891e-02,
         -3.56642679e-02,  -4.65127347e-01,   1.97223774e-02,
         -2.23722983e-01,  -1.41664469e-01,  -2.98220551e-01,
         -2.03927842e-01,  -1.23303319e-01,   7.54331319e-02,
         -1.25627039e-01,  -1.65574137e-01,  -2.65857365e-01,
         -3.80362722e-01,   1.82400936e-01,  -2.15701225e-01,
          1.34566926e-01,   2.89588728e-02,  -1.38591417e-01,
         -3.18535149e-01,  -2.70051826e-01,   2.55720328e-02,
          4.27265095e-02,  -2.40010950e-01,  -2.82918686e-02,
          4.41054765e-02,   1.80200614e-01,  -2.28450443e-01,
         -1.74327129e-01,  -3.84613075e-01,  -1.40966205e-01,
         -3.27855672e-01,  -7.38440053e-02,   1.10987537e-01,
         -1.16781424e-01,   1.19216171e-01,  -3.82491697e-01,
         -2.47004020e-01,  -2.03083609e-01,   1.62843362e-01,
         -1.86752678e-01,  -4.22987871e-02,  -4.09785599e-02,
          3.25672107e-01,  -2.04206912e-01,   3.58985992e-02,
         -4.24685171e-01,  -1.39184666e-01,   2.37679400e-01,
         -7.09926083e-03,   1.89683587e-01,  -1.92699740e-01,
         -5.00407611e-02,   3.27687968e-02,   2.42742274e-02,
         -9.68032024e-02,   1.34309253e-02,   1.30133539e-01,
         -7.80356451e-02,  -1.87090972e-01,   1.07089190e-01,
         -2.26968852e-01,  -6.64716106e-02,  -2.16017829e-01,
         -3.61896805e-01,  -1.41621930e-02,  -1.54994267e-01,
         -4.40663355e-01,   1.16797737e-01,  -2.80169425e-01,
         -3.75134250e-01,   1.15268250e-02,   1.36147661e-01,
         -4.43152492e-01,  -3.96376776e-01,  -1.59173463e-02,
         -4.16934186e-01,   9.37851015e-02,   3.55619253e-01,
         -7.72011694e-02,   1.17699442e-01,  -2.20104156e-01,
          1.64999062e-01],
       [ -2.63819450e-02,  -1.14514555e-01,  -6.30547169e-02,
          9.42743176e-02,  -2.75148299e-01,   1.46530658e-01,
         -1.89069138e-01,  -2.35820549e-01,   9.69007910e-02,
          2.46514948e-02,   1.68185775e-02,  -1.02688769e-01,
          2.24256811e-01,   1.51377254e-02,  -1.25800274e-01,
         -2.82110793e-02,   1.01558177e-01,  -8.20473517e-02,
         -7.66490995e-02,  -3.42654325e-01,   1.72191310e-01,
         -1.04376283e-01,   7.73451735e-02,  -2.09203478e-02,
         -1.63889690e-01,  -5.03972079e-02,  -1.36673017e-01,
         -9.25810036e-02,  -1.45287057e-01,  -1.47101565e-01,
         -1.79145768e-01,   1.17777862e-01,  -2.79537528e-01,
          1.16834929e-01,   2.39520289e-03,  -2.35214578e-02,
         -1.20040825e-01,  -2.29805378e-01,  -1.56209636e-01,
         -6.88792490e-02,   9.27251926e-02,   1.54164844e-02,
         -2.54903825e-01,   6.66008278e-02,  -9.03085533e-02,
         -7.76223936e-02,  -2.62376664e-01,   1.26895539e-01,
         -1.95577362e-01,   8.62041921e-02,  -4.94973316e-02,
          6.94465255e-02,  -1.61204793e-01,  -1.40588464e-01,
         -4.65668613e-01,  -2.81489663e-01,   1.90836075e-02,
         -3.23676666e-01,   1.00584944e-01,   9.49897081e-02,
          1.58971519e-01,  -1.36923938e-01,  -1.57787801e-01,
         -1.16457307e-01,   1.22220064e-01,  -1.34704513e-02,
         -2.35914652e-02,  -2.33879906e-01,  -1.62421517e-01,
          1.32794655e-01,  -1.54227201e-01,  -8.47507590e-02,
         -8.91138572e-02,  -4.22070334e-02,   1.61966469e-01,
          1.56497367e-01,  -3.49722837e-01,   7.87056665e-03,
          2.80533300e-02,  -1.38647342e-01,  -4.15800894e-01,
         -9.44843017e-02,   4.88849449e-02,   1.34952232e-01,
         -1.39027936e-01,  -3.03170015e-02,  -2.07081397e-01,
         -1.45995150e-01,  -1.45122259e-01,   9.60887136e-02,
          2.33721927e-02,  -2.55715229e-01,  -7.41010238e-02,
          1.94108781e-01,   9.99126275e-02,  -3.58961060e-01,
         -4.55583253e-01,   2.30088046e-01,  -2.43341944e-01,
          9.38333224e-02]])
