RUNNING THE L-BFGS-B CODE

it    = iteration number
nf    = number of function evaluations
nseg  = number of segments explored during the Cauchy search
nact  = number of active bounds at the generalized Cauchy point
sub   = manner in which the subspace minimization terminated:
        con = converged, bnd = a bound was reached
itls  = number of iterations performed in the line search
stepl = step length used
tstep = norm of the displacement (total step)
projg = norm of the projected gradient
f     = function value

           * * *

Machine precision = 2.220D-16
 N =          900     M =           10

   it   nf  nseg  nact  sub  itls  stepl    tstep     projg        f
    0    1     -     -   -     -     -        -     3.781D-01  6.012D+00
    1    2     1     0  ---    0  2.1D-01  1.0D+00  1.589D-01  2.681D+00
    2    3     0     0  con    0  1.0D+00  7.5D-01  3.990D-02  1.734D+00
    3    4     0     0  con    0  1.0D+00  4.3D-01  1.785D-02  1.537D+00
    4    5     0     0  con    0  1.0D+00  3.1D-01  7.520D-03  1.481D+00
    5    6     0     0  con    0  1.0D+00  1.8D-01  5.300D-03  1.470D+00
    6    7     0     0  con    0  1.0D+00  1.4D-01  5.219D-03  1.466D+00
    7    8     0     0  con    0  1.0D+00  2.9D-01  4.916D-03  1.460D+00
    8    9     0     0  con    0  1.0D+00  7.7D-01  5.480D-03  1.447D+00
    9   10     0     0  con    0  1.0D+00  1.5D+00  1.393D-02  1.437D+00
   10   11     0     0  con    0  1.0D+00  5.1D-01  5.571D-03  1.425D+00
   11   12     0     0  con    0  1.0D+00  1.2D-01  4.332D-03  1.421D+00
   12   13     0     0  con    0  1.0D+00  1.8D-01  3.264D-03  1.418D+00
   13   14     0     0  con    0  1.0D+00  6.3D-02  1.807D-03  1.417D+00
   14   15     0     0  con    0  1.0D+00  8.1D-02  2.716D-03  1.417D+00
   15   16     0     0  con    0  1.0D+00  2.0D-01  4.776D-03  1.416D+00
   16   17     0     0  con    0  1.0D+00  4.4D-01  6.269D-03  1.414D+00
   17   18     0     0  con    0  1.0D+00  6.6D-01  5.676D-03  1.412D+00
   18   19     0     0  con    0  1.0D+00  8.3D-01  4.147D-03  1.410D+00
   19   20     0     0  con    0  1.0D+00  4.3D-01  1.631D-03  1.408D+00
   20   21     0     0  con    0  1.0D+00  1.4D-01  2.308D-03  1.407D+00
   21   22     0     0  con    0  1.0D+00  2.6D-01  2.152D-03  1.407D+00
   22   23     0     0  con    0  1.0D+00  2.9D-01  2.352D-03  1.406D+00
   23   24     0     0  con    0  1.0D+00  2.5D-01  1.362D-03  1.406D+00
   24   25     0     0  con    0  1.0D+00  1.6D-01  5.641D-04  1.406D+00
   25   26     0     0  con    0  1.0D+00  8.5D-02  9.907D-04  1.406D+00
   26   27     0     0  con    0  1.0D+00  8.5D-02  9.408D-04  1.405D+00
   27   28     0     0  con    0  1.0D+00  2.7D-01  1.095D-03  1.405D+00
   28   29     0     0  con    0  1.0D+00  2.4D-01  8.216D-04  1.405D+00
   29   30     0     0  con    0  1.0D+00  1.8D-01  6.947D-04  1.405D+00
   30   31     0     0  con    0  1.0D+00  2.8D-01  1.255D-03  1.404D+00
   31   32     0     0  con    0  1.0D+00  5.9D-02  5.243D-04  1.404D+00
   32   33     0     0  con    0  1.0D+00  4.2D-02  5.774D-04  1.404D+00
   33   34     0     0  con    0  1.0D+00  1.9D-01  1.097D-03  1.404D+00
   34   35     0     0  con    0  1.0D+00  2.1D-01  9.637D-04  1.404D+00
   35   36     0     0  con    0  1.0D+00  3.8D-01  2.123D-03  1.404D+00
   36   37     0     0  con    0  1.0D+00  1.0D-01  7.150D-04  1.403D+00
   37   38     0     0  con    0  1.0D+00  2.0D-01  1.363D-03  1.403D+00
   38   39     0     0  con    0  1.0D+00  3.8D-01  2.171D-03  1.403D+00
   39   40     0     0  con    0  1.0D+00  4.6D-01  2.265D-03  1.402D+00
   40   41     0     0  con    0  1.0D+00  1.3D+00  2.536D-03  1.401D+00
   41   42     0     0  con    0  1.0D+00  1.5D+00  2.904D-03  1.401D+00
   42   43     0     0  con    0  1.0D+00  5.1D-01  1.958D-03  1.399D+00
   43   44     0     0  con    0  1.0D+00  3.4D-01  2.100D-03  1.398D+00
   44   45     0     0  con    0  1.0D+00  7.3D-01  2.268D-03  1.397D+00
   45   46     0     0  con    0  1.0D+00  1.5D+00  6.590D-03  1.397D+00
   46   47     0     0  con    0  1.0D+00  3.9D-01  3.042D-03  1.395D+00
   47   48     0     0  con    0  1.0D+00  6.5D-01  3.407D-03  1.393D+00
   48   49     0     0  con    0  1.0D+00  1.5D+00  5.097D-03  1.391D+00
   49   50     0     0  con    0  1.0D+00  1.3D+00  4.527D-03  1.388D+00
   50   52     0     0  con    1  5.2D-01  9.6D-01  5.997D-03  1.387D+00
   51   53     0     0  con    0  1.0D+00  4.7D-01  2.364D-03  1.385D+00
   52   54     0     0  con    0  1.0D+00  3.1D-01  2.552D-03  1.384D+00
   53   55     0     0  con    0  1.0D+00  3.3D-01  3.309D-03  1.383D+00
   54   56     0     0  con    0  1.0D+00  9.9D-01  4.902D-03  1.381D+00
   55   57     0     0  con    0  1.0D+00  1.2D+00  4.880D-03  1.379D+00
   56   58     0     0  con    0  1.0D+00  1.2D+00  9.798D-03  1.378D+00
   57   59     0     0  con    0  1.0D+00  3.2D-01  2.950D-03  1.376D+00
   58   60     0     0  con    0  1.0D+00  1.7D-01  3.204D-03  1.375D+00
   59   61     0     0  con    0  1.0D+00  6.5D-01  3.517D-03  1.374D+00
   60   62     0     0  con    0  1.0D+00  1.1D+00  4.592D-03  1.372D+00
   61   64     0     0  con    1  4.2D-01  8.6D-01  4.634D-03  1.371D+00
   62   65     0     0  con    0  1.0D+00  1.2D+00  4.033D-03  1.369D+00
   63   66     0     0  con    0  1.0D+00  1.2D+00  3.222D-03  1.366D+00
   64   67     0     0  con    0  1.0D+00  9.8D-01  4.906D-03  1.364D+00
   65   68     0     0  con    0  1.0D+00  7.4D-01  3.380D-03  1.363D+00
   66   69     0     0  con    0  1.0D+00  4.4D-01  3.783D-03  1.361D+00
   67   70     0     0  con    0  1.0D+00  3.7D-01  2.974D-03  1.359D+00
   68   71     0     0  con    0  1.0D+00  2.5D-01  3.678D-03  1.358D+00
   69   72     0     0  con    0  1.0D+00  1.1D+00  4.174D-03  1.354D+00
   70   73     0     0  con    0  1.0D+00  1.9D+00  4.506D-03  1.351D+00
   71   75     0     0  con    1  2.3D-01  6.9D-01  2.660D-03  1.349D+00
   72   76     0     0  con    0  1.0D+00  1.3D+00  2.323D-03  1.347D+00
   73   77     0     0  con    0  1.0D+00  1.3D+00  3.663D-03  1.344D+00
   74   79     0     0  con    1  5.1D-01  1.2D+00  5.000D-03  1.341D+00
   75   80     0     0  con    0  1.0D+00  1.2D+00  2.943D-03  1.338D+00
   76   81     0     0  con    0  1.0D+00  5.3D-01  2.473D-03  1.336D+00
   77   82     0     0  con    0  1.0D+00  6.7D-01  3.099D-03  1.334D+00
   78   83     0     0  con    0  1.0D+00  5.6D-01  3.835D-03  1.333D+00
   79   84     0     0  con    0  1.0D+00  6.0D-01  2.529D-03  1.331D+00
   80   85     0     0  con    0  1.0D+00  1.5D+00  3.303D-03  1.328D+00
   81   86     0     0  con    0  1.0D+00  7.1D-01  2.195D-03  1.327D+00
   82   87     0     0  con    0  1.0D+00  3.3D-01  2.440D-03  1.325D+00
   83   88     0     0  con    0  1.0D+00  1.0D+00  4.195D-03  1.322D+00
   84   89     0     0  con    0  1.0D+00  1.4D+00  7.539D-03  1.321D+00
   85   90     0     0  con    0  1.0D+00  6.6D-01  3.493D-03  1.318D+00
   86   91     0     0  con    0  1.0D+00  5.4D-01  2.124D-03  1.316D+00
   87   92     0     0  con    0  1.0D+00  5.7D-01  2.232D-03  1.314D+00
   88   93     0     0  con    0  1.0D+00  1.1D+00  4.829D-03  1.311D+00
   89   94     0     0  con    0  1.0D+00  1.3D+00  3.844D-03  1.309D+00
   90   95     0     0  con    0  1.0D+00  3.5D-01  2.321D-03  1.308D+00
   91   96     0     0  con    0  1.0D+00  6.6D-01  2.287D-03  1.306D+00
   92   97     0     0  con    0  1.0D+00  8.5D-01  6.147D-03  1.305D+00
   93   98     0     0  con    0  1.0D+00  8.4D-01  4.047D-03  1.302D+00
   94   99     0     0  con    0  1.0D+00  1.2D+00  3.310D-03  1.300D+00
   95  100     0     0  con    0  1.0D+00  5.8D-01  3.884D-03  1.298D+00
   96  101     0     0  con    0  1.0D+00  1.3D+00  4.334D-03  1.294D+00
   97  103     0     0  con    1  4.4D-01  1.0D+00  4.754D-03  1.292D+00
   98  104     0     0  con    0  1.0D+00  1.4D+00  3.234D-03  1.287D+00
   99  105     0     0  con    0  1.0D+00  1.2D+00  3.053D-03  1.283D+00
  100  106     0     0  con    0  1.0D+00  7.4D-01  3.153D-03  1.281D+00
  101  107     0     0  con    0  1.0D+00  9.1D-01  5.404D-03  1.279D+00
  102  108     0     0  con    0  1.0D+00  1.8D-01  2.733D-03  1.277D+00
  103  109     0     0  con    0  1.0D+00  8.2D-01  2.221D-03  1.275D+00
  104  110     0     0  con    0  1.0D+00  4.8D-01  2.579D-03  1.273D+00
  105  111     0     0  con    0  1.0D+00  1.8D+00  6.031D-03  1.271D+00
  106  112     0     0  con    0  1.0D+00  3.2D-01  2.553D-03  1.268D+00
  107  113     0     0  con    0  1.0D+00  2.6D-01  1.959D-03  1.266D+00
  108  114     0     0  con    0  1.0D+00  5.6D-01  4.203D-03  1.264D+00
  109  115     0     0  con    0  1.0D+00  7.2D-01  3.692D-03  1.262D+00
  110  116     0     0  con    0  1.0D+00  2.9D-01  3.391D-03  1.261D+00
  111  117     0     0  con    0  1.0D+00  1.8D+00  3.483D-03  1.256D+00
  112  119     0     0  con    1  4.4D-01  4.0D-01  3.300D-03  1.254D+00
  113  120     0     0  con    0  1.0D+00  1.1D-01  2.860D-03  1.253D+00
  114  121     0     0  con    0  1.0D+00  1.3D+00  3.135D-03  1.249D+00
  115  122     0     0  con    0  1.0D+00  8.2D-01  3.065D-03  1.247D+00
  116  123     0     0  con    0  1.0D+00  7.0D-01  2.465D-03  1.246D+00
  117  124     0     0  con    0  1.0D+00  5.3D-01  2.208D-03  1.245D+00
  118  125     0     0  con    0  1.0D+00  5.6D-01  2.181D-03  1.243D+00
  119  126     0     0  con    0  1.0D+00  9.8D-01  4.871D-03  1.242D+00
  120  127     0     0  con    0  1.0D+00  5.0D-01  3.229D-03  1.240D+00
  121  128     0     0  con    0  1.0D+00  1.1D-01  1.714D-03  1.240D+00
  122  129     0     0  con    0  1.0D+00  2.4D-01  2.411D-03  1.238D+00
  123  130     0     0  con    0  1.0D+00  5.1D-01  2.788D-03  1.237D+00
  124  131     0     0  con    0  1.0D+00  1.1D+00  3.430D-03  1.234D+00
  125  132     0     0  con    0  1.0D+00  1.3D+00  4.451D-03  1.233D+00
  126  133     0     0  con    0  1.0D+00  1.5D-01  3.433D-03  1.231D+00
  127  134     0     0  con    0  1.0D+00  2.1D-01  1.889D-03  1.229D+00
  128  135     0     0  con    0  1.0D+00  3.9D-01  1.995D-03  1.228D+00
  129  136     0     0  con    0  1.0D+00  1.2D+00  5.369D-03  1.225D+00
  130  137     0     0  con    0  1.0D+00  1.3D+00  4.003D-03  1.224D+00
  131  138     0     0  con    0  1.0D+00  2.7D-01  2.101D-03  1.223D+00
  132  139     0     0  con    0  1.0D+00  1.0D-01  2.022D-03  1.222D+00
  133  140     0     0  con    0  1.0D+00  2.3D-01  1.605D-03  1.221D+00
  134  141     0     0  con    0  1.0D+00  8.6D-01  3.798D-03  1.220D+00
  135  142     0     0  con    0  1.0D+00  4.8D-01  3.089D-03  1.219D+00
  136  143     0     0  con    0  1.0D+00  1.1D-01  1.215D-03  1.218D+00
  137  144     0     0  con    0  1.0D+00  3.6D-01  1.426D-03  1.217D+00
  138  145     0     0  con    0  1.0D+00  5.5D-01  4.705D-03  1.216D+00
  139  146     0     0  con    0  1.0D+00  3.8D-01  4.051D-03  1.215D+00
  140  147     0     0  con    0  1.0D+00  8.9D-01  1.964D-03  1.213D+00
  141  148     0     0  con    0  1.0D+00  3.9D-01  2.366D-03  1.212D+00
  142  149     0     0  con    0  1.0D+00  7.6D-01  2.941D-03  1.210D+00
  143  150     0     0  con    0  1.0D+00  1.0D+00  5.414D-03  1.209D+00
  144  151     0     0  con    0  1.0D+00  2.0D-01  1.910D-03  1.208D+00

STOP: TOTAL NO. of f AND g EVALUATIONS EXCEEDS LIMIT        

 Total User time 3.535E+01 seconds.

