array([[-26.88023483,  -8.03803285,   6.94634624,  14.63007634,
         -2.7474764 ,  12.32420077, -17.28829601,  15.92015442,
          4.56185159],
       [ 13.62138459,  -5.41545647,  -8.23483729,  -6.69003273,
         -8.95542057,  17.99254069,   8.61215434, -12.20988341,
          0.67758804],
       [ 42.6023989 ,   4.88213264,  35.18685988, -10.04562124,
        -26.04329051, -36.23507708,  -6.76454898,   8.14944709,
        -12.74436329],
       [-12.61444298,  25.27486119, -17.76663305,  49.51059807,
         -9.84400469, -41.1916883 , -47.03277243,  46.64877747,
          7.14186193],
       [ 35.00370527,   0.51200062,  10.24795706,   2.07911492,
        -20.08673445, -18.31883907,   9.07798082, -16.34374124,
         -0.58165491]]),array([[ -2.40816458e+00,  -1.22931264e+00,  -1.47859097e+00,
         -1.03975199e+00,  -9.66464732e-01],
       [ -4.47056264e+00,  -1.86106350e+00,  -2.50411108e+00,
          2.40907067e-01,   4.13727472e-01],
       [ -3.18320475e+00,  -2.07483262e+00,   1.89637488e+00,
         -1.81081517e-01,  -4.44899246e+00],
       [ -5.66067362e+01,  -2.36526722e+00,  -6.69997665e-01,
          1.28072023e-02,  -6.08149157e-01],
       [ -2.67487508e+00,  -1.13257533e+00,  -3.17028697e+00,
         -3.57401653e-01,  -1.12742733e+00],
       [ -1.63192896e+00,  -4.01029744e+00,  -2.48349169e+00,
         -1.55866864e+02,   2.29617960e+00],
       [ -2.55283819e+00,  -2.33039771e+00,  -4.46932249e-01,
         -5.99643625e-01,  -1.24086613e+00],
       [ -3.55073170e+00,  -7.50432123e-01,  -1.67549258e+02,
          9.09127387e-01,  -1.02034142e+02],
       [ -6.50718864e-01,  -7.43039073e-01,  -7.33509877e-01,
         -1.86555189e+00,  -8.53624748e-01]])