array([[  7.41862636e-02,  -1.60285031e-01,  -1.94635773e-01,
          1.44439635e-01,  -6.73975932e-01,  -1.73519428e-01,
          3.26392935e-01,   5.04468566e-01,   2.15114178e-01],
       [ -1.06798760e-02,   2.55879414e-01,   2.09461527e-02,
          3.61172045e-01,  -4.36066802e-01,   4.94993535e-01,
          9.11481439e-02,  -8.97811470e-02,  -9.38869171e-02],
       [ -1.40939171e-01,   2.75851235e-01,  -1.66486392e-02,
          2.55451463e-01,  -4.07104202e-01,   1.77883405e-02,
          5.51716551e-02,   2.47030357e-02,  -3.91256564e-02],
       [ -1.82379958e-02,   1.66546074e-01,   1.76124976e-01,
          8.91922187e-02,  -2.35836063e-01,  -1.13257183e-01,
         -1.13191876e-02,   2.66721784e-01,   1.73971774e-01],
       [ -5.87631442e-02,   6.87922804e-02,  -3.55814972e-03,
         -1.14626659e-01,  -1.02487331e-01,  -2.82961553e-02,
          1.97405348e-01,  -1.02573582e-01,   2.80378396e-02],
       [ -4.88076208e-01,   3.89182151e-01,  -3.98821278e-01,
          7.93222268e-02,  -6.05279359e-01,   4.10682305e-01,
         -1.13056923e-02,   3.23019087e-01,   7.38994940e-02],
       [  2.60859713e-01,   2.18434906e-01,  -1.11412361e-01,
         -1.30369471e-01,  -9.77758643e-03,  -2.76417171e-01,
          2.51757833e-01,  -4.70321815e-02,  -3.34139074e-03],
       [  1.43754314e-01,   3.25784724e-01,  -1.33623774e-01,
         -1.96751434e-01,   3.18383873e-01,   2.00112075e-01,
          1.29860687e-02,  -1.32249924e-05,  -3.05739477e-01],
       [ -6.64409342e-02,   3.83124476e-01,  -1.14647446e-01,
          2.65125465e-01,  -3.19369133e-01,   1.60141205e-01,
         -1.47935168e-01,  -8.52825124e-02,  -3.53136709e-01],
       [ -1.75044280e-01,   1.72992680e-01,   1.02310409e-01,
         -7.68146540e-02,  -6.52386429e-01,   4.82087051e-01,
         -2.13873514e-01,   3.24789049e-01,  -1.01357892e-02],
       [  8.00373359e-03,   2.64921932e-01,  -1.29968958e-01,
          7.45245790e-02,  -4.46980062e-01,  -1.05159471e-01,
          1.17541337e-01,   1.77419481e-01,   3.07062599e-02],
       [  8.49791389e-02,  -1.42296348e-01,  -1.88202459e-01,
         -1.10848033e-04,  -9.05768581e-02,   1.91018012e-01,
          1.92360088e-01,  -1.60531216e-01,  -1.30199558e-01],
       [ -3.50524711e-01,  -1.32780395e-01,   1.06892926e-02,
          3.02422541e-01,  -1.94320121e-01,   7.49269666e-02,
         -2.30279868e-01,   2.93309492e-01,  -5.86757913e-02],
       [  1.06963061e-01,   3.67055007e-01,   1.52641326e-01,
          2.17997378e-01,  -3.30063935e-01,   1.34942872e-01,
         -1.87497782e-01,  -4.15691047e-04,  -2.45733511e-01],
       [ -2.96075928e-01,   2.83485513e-02,  -1.88580115e-01,
          9.96167226e-02,   1.11226341e-01,   1.54939538e-01,
          3.42011181e-02,   1.56706902e-01,   6.68900399e-02],
       [ -5.46806847e-02,   2.13499927e-03,   1.47618192e-01,
         -5.34032461e-02,  -3.79329170e-01,  -1.24973062e-01,
         -1.36437359e-01,   5.81201720e-02,   1.21586945e-01],
       [ -2.52338126e-02,  -1.31377218e-01,   2.58259801e-01,
          8.90343004e-03,  -3.94675259e-01,   2.57582996e-01,
         -6.42450488e-02,   1.11523563e-01,   2.02384645e-02],
       [ -2.75886274e-01,  -1.84871675e-01,   1.83306945e-01,
          1.85965740e-01,  -1.98198305e-01,   1.05414052e-01,
         -1.02790040e-01,   2.74003509e-01,   3.91551879e-02],
       [  6.76038071e-02,   3.00912173e-01,   1.04357485e-01,
          2.10820239e-01,  -4.16939505e-01,  -3.98414208e-02,
         -2.66175930e-03,  -2.46534277e-02,   2.51461713e-02],
       [  2.71891920e-02,   2.72676479e-01,  -4.99819634e-03,
          2.94524163e-01,  -4.99240848e-01,   2.56972467e-01,
          7.64758197e-02,   2.28458003e-01,   2.83957102e-02],
       [ -5.40569247e-03,   7.29192266e-02,  -2.90490669e-01,
          3.23130546e-01,  -4.58883131e-01,   4.31022056e-01,
          1.05812774e-01,  -1.11833434e-01,  -2.44462465e-01],
       [  2.53242526e-01,   3.49493860e-01,   1.76890233e-01,
         -1.11520658e-01,   2.02483235e-01,  -2.37692066e-01,
          9.17999754e-02,  -1.58217911e-01,  -2.97744543e-01],
       [ -1.51840306e-01,  -2.68911606e-01,   4.71355146e-02,
          1.19458365e-01,   1.41985924e-01,   2.40547666e-01,
          2.45415878e-01,   1.41778003e-01,  -2.24222021e-01],
       [  6.57218462e-02,  -1.97252324e-01,  -4.01773869e-04,
          3.11916246e-01,   6.62066295e-02,  -5.01439132e-02,
          8.16182484e-02,  -2.13685138e-01,  -2.39631194e-01],
       [ -1.47676763e-01,   3.30132951e-01,  -3.91888752e-01,
          1.38440173e-01,  -4.28927299e-01,   4.82271798e-01,
          5.02283382e-02,   1.83728127e-01,  -1.18314053e-01],
       [ -3.11632914e-01,   2.83922593e-01,  -6.83687958e-02,
          3.11925683e-01,  -3.71898118e-02,   2.49490602e-01,
         -1.33021882e-01,   1.67361697e-01,   2.51216683e-01],
       [  2.48174626e-01,   3.80194389e-01,  -1.80067724e-01,
         -3.20611136e-02,  -1.24282977e-01,   2.52635052e-01,
         -6.40800073e-02,   2.48759502e-01,  -3.50690397e-01],
       [  7.15477217e-02,  -3.53692613e-02,  -2.46770192e-01,
         -1.16255664e-01,  -3.97823703e-02,   4.63631632e-01,
         -2.40423052e-01,   2.36958809e-01,  -2.51440988e-02],
       [ -1.41184814e-01,  -3.71986663e-02,  -6.76828707e-02,
          2.08759607e-01,  -2.54272830e-02,  -1.34346303e-01,
          1.17907577e-01,  -5.52555486e-02,   1.93768158e-01],
       [ -1.41586999e-01,   1.91143104e-01,  -3.81077848e-01,
         -7.94979020e-02,  -3.28376101e-01,   2.17443496e-02,
         -1.07867480e-01,   2.60909952e-01,   2.19705085e-01],
       [ -4.32411932e-01,  -2.81476936e-01,  -2.68458248e-01,
         -2.39342764e-01,  -3.30528482e-01,  -6.10046291e-02,
         -9.38633906e-02,   3.67392157e-01,   9.84661941e-02],
       [ -2.56096820e-01,   1.41834648e-01,   2.02394297e-01,
          1.40376620e-01,  -3.85250869e-01,   2.78125386e-01,
          2.93705035e-02,   9.47062780e-02,   1.07930258e-01],
       [  2.58009797e-01,   1.79670687e-01,   2.20936282e-01,
          2.92853996e-02,  -1.56175826e-01,   2.12203071e-01,
         -7.87670720e-02,   2.12110535e-02,   1.24270559e-01],
       [ -2.30859501e-01,   2.21732764e-01,  -8.48624641e-02,
          2.25273088e-01,  -4.24516057e-01,   4.73586374e-02,
         -3.76377651e-01,  -1.21088028e-02,  -2.92938445e-01],
       [ -7.08117853e-02,   4.21884688e-01,  -1.84619141e-01,
          6.75749282e-02,  -2.36482522e-01,   3.68542902e-01,
         -7.40173659e-02,   7.13909331e-02,   4.73479691e-02],
       [  5.54425377e-03,   2.73591111e-01,  -8.57573646e-02,
          3.43102419e-01,   9.10792019e-02,   1.76226427e-01,
         -2.24677493e-01,  -2.12710383e-01,  -2.59329024e-01],
       [  3.30285735e-01,   6.79211265e-02,   2.95196529e-02,
          1.10991502e-01,  -5.81554753e-02,  -8.07063912e-02,
         -9.93367193e-02,  -1.37139657e-01,  -3.13026115e-01],
       [ -2.09463405e-01,  -1.42038213e-01,  -6.21823431e-02,
          2.48378053e-01,  -3.12314334e-01,   3.39866322e-01,
         -4.99640325e-02,  -5.47136730e-03,   1.25217099e-01],
       [ -2.41213382e-01,   1.88130925e-01,   6.45587058e-02,
         -1.31650327e-01,  -1.60623250e-01,  -8.95263111e-02,
         -1.65825375e-01,   5.70706595e-02,   1.28970589e-01],
       [  1.76429878e-01,   5.74074317e-02,  -2.01982080e-01,
          3.28107838e-01,  -3.20831451e-01,  -1.65875078e-01,
         -1.81822417e-02,  -3.43874371e-02,  -1.10783887e-02],
       [ -1.64568120e-01,  -1.33872544e-01,   1.30724380e-01,
         -1.49159353e-01,  -1.64252641e-01,   2.31202122e-01,
         -2.41642458e-01,   1.75860311e-01,   2.12205546e-01],
       [ -1.65086583e-01,   1.00807013e-01,   3.65157266e-03,
          1.17341225e-01,  -3.94539992e-02,   6.05334971e-02,
          1.29027185e-01,   4.37886682e-02,  -9.83831570e-02],
       [ -9.46751733e-02,  -2.14173739e-01,  -2.12532934e-01,
          1.02349895e-01,  -1.38486783e-03,   7.32532679e-02,
         -1.44784958e-01,  -1.30622789e-01,   1.21898681e-01],
       [ -8.07777007e-02,  -2.94387904e-01,  -1.43831087e-01,
         -1.35674952e-01,  -2.31975463e-01,  -2.88802252e-02,
         -2.10032332e-01,  -1.34824770e-01,   9.50076923e-02],
       [ -3.96853896e-02,   3.68832946e-01,   2.75427377e-02,
          9.98241868e-02,  -3.07525271e-01,  -2.06631020e-02,
         -2.57274711e-01,   3.48359525e-01,   8.74834699e-02],
       [ -1.11768979e-01,   6.24193798e-02,  -2.40871660e-01,
          3.17918558e-01,  -1.91201660e-01,   2.96660531e-01,
         -5.74073170e-02,   3.67114816e-02,   7.69062160e-02],
       [  1.88567769e-01,  -1.00511068e-02,  -1.91960310e-01,
         -1.70359427e-02,  -3.77031447e-01,   1.80274679e-01,
         -1.03648690e-01,   1.12207116e-01,   4.93859518e-02],
       [  1.66925128e-01,   1.02228038e-02,   9.80978150e-02,
          1.35473427e-01,  -9.61341115e-02,   3.22836401e-01,
          4.64207476e-03,   1.94229029e-01,  -3.30761040e-02],
       [  1.26737347e-01,   9.51479081e-03,   2.32946256e-01,
         -1.13354352e-01,   5.67878099e-02,  -2.74513271e-01,
          1.10400478e-01,  -2.38097580e-01,  -5.84612450e-02],
       [ -3.85639341e-03,   1.85222657e-01,  -1.12347174e-01,
         -9.56288588e-02,  -7.49487756e-02,  -3.08009384e-01,
          1.36268224e-01,   1.36919626e-01,   4.52866054e-02],
       [ -5.93297486e-02,  -1.52497263e-01,  -1.71671522e-01,
          3.65576274e-01,   7.94860129e-02,   2.07866120e-01,
          2.10837460e-01,  -2.03534411e-02,   2.85300923e-01],
       [ -4.80822389e-02,   2.82939277e-01,  -2.45107824e-01,
          2.29727303e-01,  -3.64464708e-01,   1.30707531e-01,
          2.13694666e-01,   3.02061958e-01,   1.27787991e-01],
       [  4.81848609e-03,  -2.29539511e-01,   1.11832923e-01,
          1.27690694e-01,   1.09115479e-01,  -1.53207803e-02,
          7.09452645e-02,   2.82199384e-01,   2.51042711e-01],
       [  8.07942969e-02,  -1.66226184e-01,  -2.58478590e-01,
          2.99807290e-01,   8.25306309e-02,   3.06004556e-01,
         -1.04140025e-01,  -2.06938918e-01,   1.77773418e-01],
       [ -1.82015887e-01,  -1.56797424e-01,   9.11477834e-02,
          2.23403537e-01,  -2.53487066e-01,   6.25950562e-02,
         -4.34631119e-02,   7.38757692e-02,   1.71978838e-01],
       [  2.19843684e-01,   2.88775283e-01,   2.38044084e-01,
          1.93159878e-01,  -3.77310899e-01,   1.77665048e-01,
          1.17410345e-01,  -4.03976872e-02,  -6.56697887e-02],
       [  5.01151984e-02,   3.08662313e-01,  -3.66397031e-01,
          1.91394416e-01,   2.66713702e-02,  -5.37181158e-02,
         -1.73482249e-01,   2.51470561e-01,  -1.60576841e-01],
       [  7.08532997e-02,  -1.05731838e-02,  -1.83743511e-01,
          8.42437132e-02,  -2.20097443e-01,   5.22101720e-02,
          1.39116744e-01,   1.90571158e-01,   3.42497714e-01],
       [ -2.72479240e-01,   1.30241850e-01,  -2.14283587e-02,
          1.22563078e-01,  -1.95763659e-02,  -3.31749590e-02,
          1.82286973e-02,   3.11496950e-01,  -2.04281709e-01],
       [  9.93732222e-02,  -3.06961346e-02,  -1.08010207e-01,
         -5.14308302e-03,  -1.89860724e-01,   3.25838927e-01,
          8.66416226e-02,   4.56044904e-01,   1.60223570e-01],
       [ -6.69818843e-02,  -2.38765998e-01,  -2.10191138e-01,
         -1.67009956e-01,  -2.88087253e-01,  -5.38406044e-02,
          9.11651462e-02,  -8.45461105e-02,   3.89655926e-01],
       [ -4.04031482e-02,   2.36996968e-02,   2.16634629e-01,
          6.18861794e-02,  -6.01008664e-02,   1.82350962e-01,
          5.16959031e-02,  -1.02328296e-02,  -1.20956145e-01],
       [  1.41446190e-01,   2.59081454e-01,  -1.60296508e-02,
          2.13641526e-01,  -9.99350294e-02,   8.68131852e-03,
          4.45046092e-02,  -1.17602014e-02,  -1.70424920e-01],
       [ -8.12149540e-02,  -1.65734597e-01,   8.02590486e-02,
          3.25703896e-01,  -3.31842157e-01,   9.81790777e-02,
          3.17399999e-02,   3.05622506e-01,   3.19075502e-02],
       [  4.99641058e-02,  -2.49081240e-02,   4.91853259e-02,
          2.94238194e-01,  -1.17238618e-01,  -3.04117128e-02,
         -1.99824707e-02,   1.16578404e-01,  -1.63811537e-01],
       [  1.23760929e-01,   2.32750584e-01,  -2.75746643e-02,
          9.84339344e-02,  -6.06303636e-01,   2.51033283e-01,
          1.22895469e-01,   1.20028593e-01,  -2.03556530e-01],
       [ -7.31389616e-03,   2.41447603e-01,   1.85055872e-01,
          1.34937806e-01,  -2.97400007e-01,   2.04631919e-02,
         -3.04864666e-01,   1.53122127e-01,   1.69606933e-01],
       [ -6.62225243e-02,   1.62089540e-01,   6.34739283e-02,
         -1.75861023e-01,  -4.96951232e-01,   4.54548635e-01,
         -4.68087504e-01,   1.98624135e-01,  -1.76445429e-01],
       [  1.94606753e-02,  -1.67471451e-02,   1.26876793e-01,
          1.85859017e-01,  -4.09720121e-01,  -1.33194755e-01,
         -1.02270535e-01,   4.86824862e-02,   2.73182345e-02],
       [  1.76693977e-01,  -6.31821175e-02,  -7.40365668e-02,
         -1.20392006e-01,  -1.55049100e-01,  -7.27252103e-02,
          1.83271996e-01,   2.19683520e-01,   2.10954077e-01],
       [ -2.99650524e-01,  -5.48405586e-03,  -2.39303207e-01,
         -1.39332071e-02,  -3.83343031e-01,  -1.43507080e-01,
         -6.90894692e-02,   2.43493897e-01,   2.88049233e-02],
       [ -3.68389600e-02,   2.19248457e-01,  -9.05351457e-02,
          3.07094366e-01,  -4.39845010e-01,  -1.27517188e-01,
         -1.36184308e-01,  -1.67295534e-01,   9.66643472e-02],
       [ -4.88863936e-02,   1.63488619e-01,   1.22088277e-01,
         -1.08808043e-01,  -4.74028624e-02,  -2.39351505e-01,
          7.91011864e-02,   6.29136452e-03,   2.90671347e-02],
       [  3.43271541e-02,   7.71704784e-02,  -3.43049373e-01,
          3.24691863e-01,  -1.68870216e-01,   3.75563476e-01,
          1.66294178e-01,   8.27228016e-02,  -2.50107473e-01],
       [ -3.33706664e-01,   6.38254874e-02,   1.00958599e-01,
          1.77532407e-01,  -1.63414365e-01,   3.50418248e-02,
         -6.27454437e-02,   3.57760717e-01,  -1.83419972e-01],
       [ -3.39756374e-01,   2.64520971e-01,  -2.16229940e-01,
          6.51361355e-02,  -5.97754254e-01,   5.89324260e-02,
          2.59403791e-01,   4.21653663e-01,   2.16802412e-01],
       [ -2.18546898e-01,  -1.52017304e-02,  -2.99548855e-01,
         -1.56264391e-01,   2.00288566e-01,   1.52501466e-01,
         -4.03317192e-02,   1.51739008e-01,   2.03136679e-01],
       [ -2.59599856e-01,   8.19322209e-02,  -1.39646236e-01,
          1.20128240e-03,  -4.36908740e-01,  -1.11206344e-01,
          1.90469077e-01,   3.92455850e-01,   7.65243955e-02],
       [ -3.73480229e-01,   1.22808540e-02,  -2.05086768e-01,
          2.88155493e-01,  -2.04235757e-01,   3.56694511e-01,
         -2.24809877e-01,  -1.97067646e-01,   3.42521295e-02],
       [  3.35451118e-01,   2.92876305e-01,  -2.16063548e-02,
          2.37386197e-01,  -6.47496091e-01,   4.02926493e-01,
         -3.20283699e-01,   1.71865664e-01,  -5.02545416e-01],
       [ -9.33203373e-04,   2.89431436e-03,   2.45983534e-02,
          2.03478903e-01,  -5.63043844e-01,   3.90892214e-01,
          6.23283295e-02,   2.68304938e-01,   1.54420625e-01],
       [ -1.32280815e-01,   1.33479394e-01,  -1.14654341e-01,
          2.97635432e-01,  -3.03730602e-01,  -2.49064547e-01,
         -1.38566812e-01,  -4.91326786e-03,  -3.27225743e-01],
       [  2.59551173e-02,   1.60505119e-01,  -1.83844519e-02,
          2.35573498e-01,  -2.49120271e-01,   3.43199270e-01,
          5.95950006e-03,  -2.17625123e-01,  -7.36985222e-02],
       [ -2.98924241e-01,   1.18104921e-01,   7.11970843e-02,
          5.23726384e-02,  -4.73209142e-02,  -1.67966161e-01,
          6.34106716e-02,   2.88037107e-02,  -9.13453933e-02],
       [  3.76598318e-02,   3.16327976e-01,  -5.05161031e-02,
          2.14700075e-02,  -3.34550224e-01,  -1.58910987e-01,
         -2.74946193e-01,  -1.03538021e-01,  -1.88835093e-01],
       [ -5.29629689e-02,   9.68148087e-02,  -3.28011733e-01,
          2.05846906e-01,  -4.55325444e-01,  -4.19495247e-04,
          4.78832770e-01,   1.46748334e-01,   1.13050357e-01],
       [  4.10088619e-01,   3.83405755e-01,   1.38417012e-01,
          3.07773800e-01,  -3.75227755e-01,   8.06944348e-02,
          1.07966657e-01,   2.23211327e-01,  -2.61285487e-01],
       [ -8.92831288e-02,   1.39153886e-01,  -3.33253490e-01,
          3.55047242e-01,  -5.39460054e-01,   2.93686604e-01,
          2.08244338e-01,  -2.68579139e-02,  -1.14439610e-03],
       [ -1.29652773e-01,  -2.97779652e-02,   1.61982144e-01,
         -1.54009363e-01,  -1.93681365e-01,  -4.09719367e-03,
          4.25058360e-02,   1.06506443e-01,  -4.07433302e-01],
       [ -8.98301480e-02,   3.82932614e-01,  -1.83842697e-01,
         -4.67129109e-02,  -3.98963354e-01,   8.88969348e-02,
         -6.38647695e-03,  -5.10414875e-02,   1.73483290e-02],
       [  2.80644224e-01,   1.50008559e-02,   1.37642359e-01,
          1.04673595e-01,  -5.52257859e-01,   8.56200489e-02,
          7.00681585e-02,   2.19800642e-01,  -1.11756143e-01],
       [ -2.95049223e-01,   3.11586227e-01,  -2.04246439e-01,
          1.07782711e-01,  -3.75739805e-01,   3.35104842e-01,
          1.21592603e-03,   2.84138237e-01,   1.67764379e-01],
       [ -3.21359533e-01,   1.95909518e-01,  -7.12299513e-02,
          4.59817148e-03,   7.58166183e-02,  -1.33473560e-01,
         -3.32159705e-02,   1.02393598e-01,   3.93845083e-02],
       [ -2.67878487e-01,   8.74575518e-02,  -2.06017839e-02,
          3.82130127e-01,  -2.27973858e-01,  -2.61045676e-02,
         -2.09476633e-01,   2.30668096e-01,  -2.22864956e-01],
       [  1.51644394e-01,   1.02070580e-01,  -2.15364795e-01,
          1.13520299e-02,  -1.12234558e-01,   1.28871777e-01,
         -2.10344654e-01,   1.89761919e-01,  -1.46114031e-01],
       [  6.15930968e-03,   3.35260689e-01,   4.64395840e-02,
          1.33619550e-01,  -6.00865567e-01,   3.53962689e-01,
         -2.88199493e-01,   4.46248538e-02,   1.28612767e-01],
       [ -2.41532687e-01,  -4.91762854e-02,   1.84803095e-04,
          1.39281754e-02,  -4.41739529e-01,  -2.51152290e-02,
         -1.05159263e-01,  -2.21736855e-02,   1.59922197e-01],
       [ -3.17692609e-02,   2.88551054e-01,   1.97826100e-01,
         -1.72378513e-02,  -1.08312710e-01,   4.18508020e-02,
         -2.79883753e-01,   2.13296241e-01,   5.06514890e-02],
       [  9.20463826e-03,   7.24702337e-02,   9.95068402e-02,
          1.61100662e-02,  -3.57524146e-01,  -4.86187592e-02,
          8.77861171e-02,   2.32604341e-01,   1.64645149e-01],
       [ -2.62569628e-02,   2.47563208e-01,  -3.18526835e-01,
          3.20445201e-02,  -5.85669600e-02,   2.80585032e-01,
         -2.68610635e-01,  -9.65379130e-02,  -4.94385946e-02]]),array([[ -2.91043932e-01,   8.04419145e-02,  -9.66535600e-02,
         -1.56076393e-01,   5.89937036e-02,  -2.56253348e-01,
          4.86000870e-02,  -8.23711941e-02,  -2.09153968e-01,
         -1.16482784e-01,  -2.49303844e-03,  -7.41272112e-02,
         -1.32243195e-01,  -1.73120886e-01,   1.98231255e-01,
         -2.05637686e-02,   1.39806991e-01,  -7.79189634e-02,
          1.73939830e-01,  -1.33995008e-01,  -1.63018686e-01,
          2.02207334e-01,  -1.71215621e-01,  -4.75523007e-02,
         -2.44068263e-01,   1.95418921e-01,  -1.96940689e-01,
         -2.28479592e-01,   1.88076539e-01,  -6.58433172e-02,
         -6.85400040e-02,  -2.68768439e-01,  -2.19497758e-02,
         -1.76408285e-01,  -1.37304145e-01,   9.43385370e-02,
         -8.24824414e-02,   1.70606201e-01,   9.80464478e-02,
         -2.86892807e-01,   1.15674159e-01,  -6.03935229e-02,
          1.32141928e-01,  -2.20349982e-02,  -1.72591036e-01,
         -4.44716407e-02,  -1.52813123e-01,  -2.22745703e-01,
          1.60738294e-01,  -2.02543375e-01,   2.07427484e-02,
         -6.78577400e-02,  -6.66969496e-02,   2.38961117e-01,
         -1.36367798e-01,  -1.06062324e-01,  -3.30956349e-01,
         -2.49191046e-01,  -1.07265933e-01,  -2.62137651e-01,
          9.66806737e-02,   2.05767823e-01,  -1.14859665e-01,
         -1.39805154e-01,  -1.35477476e-02,  -3.06549433e-01,
          6.89870851e-02,   2.22746057e-04,   7.45792127e-02,
         -1.67172780e-01,  -1.62894434e-01,   3.22873580e-02,
         -1.48397794e-01,  -1.15451167e-01,  -1.27008761e-01,
         -1.71008340e-01,   1.09531014e-01,  -2.15463018e-01,
          3.30037851e-02,  -2.67585333e-01,   1.24349270e-01,
          8.35119860e-02,   8.79025664e-02,  -1.14662617e-01,
          4.35011131e-02,  -2.28408080e-01,  -1.93610339e-01,
         -2.32088060e-01,  -2.08814329e-01,   1.54384265e-01,
         -2.84383673e-01,  -1.83572578e-01,  -5.64860051e-02,
         -2.69484932e-01,  -1.20215901e-01,   5.45665736e-02,
          1.91974054e-01,  -8.61845222e-02,   6.29090235e-02,
         -1.46645379e-01],
       [ -3.03761044e-01,  -3.77160271e-01,  -1.76903479e-01,
         -6.97197285e-02,   4.38071615e-02,  -6.50350269e-01,
          3.91422845e-01,   4.64791317e-01,  -2.58967157e-02,
         -4.74885127e-01,  -1.30239415e-01,   3.78891239e-02,
         -3.06601394e-01,   3.49224279e-02,  -1.55871360e-01,
          1.57949460e-02,  -2.13146750e-01,  -2.05237172e-01,
         -1.16873743e-02,  -2.92238800e-01,  -3.03359713e-01,
          6.49336868e-01,  -6.91904638e-02,   1.88696605e-01,
         -3.69259441e-01,  -2.71629090e-01,   1.24884105e-01,
         -8.56722269e-02,   5.53694672e-02,  -1.79046796e-01,
         -4.14722247e-01,  -2.97712230e-01,  -5.23192868e-04,
         -1.74814270e-01,  -1.49615896e-01,   2.14183991e-01,
          2.91176828e-01,  -4.24898565e-01,  -5.05187703e-02,
         -3.56505598e-02,  -3.07193309e-01,  -1.29354278e-02,
         -5.46585651e-02,  -1.52709785e-01,  -9.59755397e-02,
         -3.03194489e-01,  -8.07514687e-02,   9.70759091e-02,
          3.57404828e-01,   1.72195341e-01,  -2.10988550e-01,
         -1.87488931e-01,  -1.04090099e-01,  -5.45335090e-02,
         -2.02142226e-01,  -2.90335439e-02,   1.67376564e-01,
         -3.04786788e-01,  -4.65306327e-02,  -2.62115076e-01,
         -1.98932883e-01,  -1.33179249e-02,   2.66497799e-01,
         -3.82234866e-01,   8.28013636e-02,  -1.57683811e-01,
         -5.14922565e-02,  -2.67702553e-01,   4.22692002e-02,
          7.86505995e-02,  -1.05239055e-01,  -1.34472241e-02,
          2.45513743e-01,  -2.07867492e-01,  -1.82890705e-01,
         -4.73425930e-01,   6.63883233e-02,  -1.53989488e-01,
         -4.97925035e-01,  -8.48548040e-02,  -4.47525571e-01,
          9.38769725e-02,   1.66736643e-02,   1.09543950e-01,
          1.50647859e-01,  -3.85996166e-01,   1.19682076e-01,
         -4.99566696e-01,   7.71788411e-02,  -6.03586342e-02,
         -8.08760464e-02,  -3.74911715e-01,   1.74805879e-01,
         -1.54195850e-01,   8.12477341e-02,  -3.24848276e-01,
         -2.31364281e-01,   1.41762744e-01,  -7.21281205e-02,
          1.17525084e-01],
       [ -1.70877037e-01,  -3.65550748e-02,  -1.37375769e-01,
         -2.23505052e-01,   2.27079255e-01,  -2.94384186e-01,
          1.70087608e-01,  -1.91904463e-01,  -1.35737824e-01,
         -2.16482403e-01,  -1.65280659e-02,   1.38921059e-01,
         -1.38656278e-01,   4.79979426e-02,  -2.34413732e-01,
          6.06256058e-03,   3.22298341e-02,  -2.16048002e-01,
          6.29785700e-02,  -4.93940825e-02,   1.17203651e-01,
         -1.53200476e-01,  -1.13861009e-01,  -1.63922107e-01,
         -3.10980442e-01,  -1.80575688e-01,  -9.27949655e-02,
          6.24873799e-02,  -1.43049236e-01,   1.73370512e-01,
         -6.46124935e-02,  -2.62608280e-01,   2.35821780e-02,
         -3.33500332e-02,  -1.34458254e-01,  -3.07463091e-01,
         -1.63243183e-01,   5.80456892e-02,  -2.51735701e-01,
          6.37959480e-02,  -7.26653250e-02,   1.04948292e-01,
         -2.45805613e-03,   2.78230686e-02,  -2.27100817e-01,
         -1.87189556e-01,   1.57914951e-01,  -6.22737912e-02,
          2.30192569e-01,   9.59387017e-02,  -1.66544376e-02,
          4.50730392e-03,  -7.79943015e-02,  -8.91973616e-02,
         -1.38275273e-01,  -2.50054611e-01,  -7.08091850e-02,
          1.99068213e-01,  -2.69144263e-01,  -1.62061765e-01,
          2.92686927e-01,  -2.38874577e-02,  -1.39832253e-01,
         -1.36112855e-01,   6.10720207e-02,   1.56935634e-01,
          1.15135509e-01,   1.44580900e-02,  -3.80052688e-03,
          8.52714609e-02,  -1.63943616e-01,   6.24381712e-02,
          2.68698815e-02,  -3.84147153e-02,  -2.18435774e-01,
         -2.03949110e-01,   3.72588566e-02,  -2.91994440e-01,
         -7.25039927e-02,  -2.48948759e-01,   1.69766155e-01,
         -1.91592413e-01,   2.50599020e-02,  -2.69629364e-01,
         -2.32131415e-01,   1.08335586e-01,  -2.55646988e-01,
          2.52721768e-02,  -3.22435861e-01,  -1.02348391e-01,
          4.45649409e-02,  -2.07808756e-01,  -1.52090788e-01,
         -4.00814515e-01,  -1.01220514e-01,  -3.44818920e-02,
          7.46836938e-02,   1.26658229e-01,   3.10247713e-02,
          1.71495568e-01],
       [ -5.12815427e-02,  -2.08036668e-01,  -1.50796977e-01,
         -8.21380423e-02,  -2.65546458e-02,  -1.34558701e-01,
          1.10795388e-01,  -2.54123241e-01,  -9.34541705e-02,
         -5.17524617e-01,  -2.45961721e-01,   2.36331037e-01,
         -1.70272108e-01,  -1.89885617e-01,  -1.10959902e-02,
         -2.46991241e-01,  -9.08777944e-02,   6.88549076e-02,
         -1.66156234e-01,  -1.31870659e-01,  -9.65866006e-03,
          1.06961169e-02,   2.66494826e-01,   3.37089620e-01,
         -1.39761457e-01,  -2.70814011e-01,  -2.28211177e-01,
         -1.57729103e-01,   2.67742852e-01,  -1.79934016e-01,
         -1.54407436e-01,  -1.70924105e-01,  -3.06552138e-01,
         -2.76380668e-01,  -3.29767361e-01,   1.01535095e-01,
          2.96952119e-02,  -2.48883887e-02,  -3.65537847e-01,
          9.10014813e-02,  -2.24402552e-01,   6.83421106e-02,
          2.14140809e-01,   9.24507419e-02,  -4.80993164e-01,
         -3.11056169e-02,  -2.86657672e-01,   1.61226878e-01,
         -4.91262460e-02,   1.04135416e-02,   3.98663771e-01,
          3.04828370e-02,   4.57503461e-02,   3.22135445e-01,
         -1.17906386e-01,  -2.60259725e-01,  -6.63560211e-02,
         -6.91663216e-02,  -2.28362418e-02,  -1.62911769e-01,
         -1.15094340e-01,  -1.19302661e-01,  -6.37152558e-02,
          3.89166439e-02,   2.30432182e-01,  -2.93912956e-01,
         -2.61847736e-01,  -5.47322618e-01,  -2.13782332e-01,
          1.24783745e-02,  -1.25072319e-01,  -2.09672383e-01,
         -4.96125672e-02,   2.31392574e-01,  -9.91345715e-02,
         -1.28766729e-01,  -1.48317435e-01,  -2.88602808e-01,
          7.50146775e-02,  -2.21360834e-01,  -4.71097996e-02,
         -2.94582435e-03,   1.77771249e-01,   1.00780426e-01,
         -3.27530763e-01,   1.45151901e-01,  -1.57370096e-01,
          1.27990749e-01,   1.72316355e-02,  -2.63137189e-01,
          5.93399663e-02,  -7.27080751e-02,   1.02055596e-01,
         -7.52209689e-02,  -2.22874763e-01,  -3.75702332e-01,
          1.03890618e-03,  -3.16553800e-01,  -2.56484550e-01,
         -1.83680486e-02],
       [  5.37147942e-02,   3.20120502e-02,  -5.41671579e-02,
          6.05323248e-02,  -2.30560867e-01,  -1.46757393e-01,
         -1.03337266e-01,  -2.27781282e-01,  -1.55225365e-02,
         -7.16854728e-02,  -2.00308535e-01,  -1.52146946e-01,
         -2.28640360e-01,   1.87607004e-02,  -1.51408461e-01,
         -1.05974114e-01,   1.01379201e-01,  -8.36800544e-02,
          1.40498334e-01,  -1.65664672e-01,  -8.73592470e-03,
         -2.78412424e-01,  -1.29189122e-02,  -2.36043015e-01,
         -1.64624888e-01,  -1.83952406e-01,  -2.22687707e-01,
         -1.19992114e-01,  -2.25547298e-02,  -1.40257775e-01,
         -2.36058810e-02,   1.76122328e-01,  -6.11109713e-02,
          9.06763537e-02,  -2.26762593e-02,   8.61769744e-02,
         -1.36091894e-01,   1.04649272e-01,  -2.07028826e-01,
         -1.92393630e-01,  -2.18960803e-01,  -2.62062114e-01,
         -1.44339092e-01,  -1.44601271e-01,  -8.04635876e-02,
         -5.25515322e-02,   5.05732572e-02,   7.84484406e-02,
         -3.61059811e-01,  -2.32868505e-01,  -1.26795104e-01,
         -1.17048746e-01,  -3.26648776e-01,  -1.89818431e-01,
          1.47373729e-01,   1.49053029e-01,  -9.11026308e-02,
         -1.44533798e-01,  -2.13527169e-03,  -1.01189330e-01,
          1.00447644e-01,  -1.73748540e-01,  -1.15096023e-01,
         -1.08337916e-01,   1.04071968e-02,   1.07581171e-01,
          2.05327826e-02,   1.53805957e-01,  -2.86676688e-02,
         -2.61050520e-02,  -4.64498956e-02,  -2.49138274e-02,
         -1.28413922e-01,   9.24008116e-02,  -1.50189828e-01,
          1.52779183e-01,  -1.64298481e-01,  -2.36736682e-01,
         -1.54718948e-02,   3.21002998e-01,  -1.02716942e-01,
         -1.20372159e-01,   1.40003219e-01,   1.28975614e-01,
         -1.35686169e-01,  -5.96606153e-02,  -4.14918931e-02,
         -2.92077063e-02,   9.71197876e-03,   2.19310833e-02,
          1.68961463e-01,   1.98005758e-01,  -6.04632094e-02,
         -9.24528337e-02,   7.31024813e-02,   2.65976630e-01,
         -6.34793505e-02,   8.35348052e-02,   1.25349300e-01,
         -2.13848589e-01],
       [ -6.30128193e-01,  -8.18758863e-02,  -3.19677859e-01,
         -1.87861761e-01,   6.23338240e-03,  -3.65995549e-02,
         -2.64844457e-01,   2.17923490e-01,  -1.34008824e-01,
          3.13401070e-03,  -4.89542293e-01,   4.39651016e-02,
          2.10023345e-01,  -1.91665223e-01,   2.23473232e-01,
         -1.49394502e-01,  -2.12190876e-01,   5.44497776e-03,
         -2.44166081e-01,  -2.96959905e-01,  -1.86619012e-01,
         -3.07605756e-02,   2.12960601e-01,   1.49709640e-01,
         -2.51502330e-01,   5.11668833e-02,   1.53917516e-02,
          1.93552804e-01,  -3.59955554e-02,  -1.07592892e-01,
          2.44678574e-02,  -4.66283192e-03,   3.25120080e-02,
          8.39431413e-02,  -8.41833044e-02,   1.87715426e-01,
         -6.56734759e-02,   1.41549707e-01,   7.30173532e-02,
         -3.98047407e-01,   1.32958880e-01,   2.37950134e-01,
          2.08142722e-01,   1.30056368e-01,  -2.17957314e-01,
          8.55282230e-03,  -2.63332554e-01,   9.30108135e-02,
          1.00818823e-01,  -2.17237694e-01,   2.48974592e-01,
         -2.70055594e-01,   2.95990136e-01,   7.25043495e-02,
          1.11909503e-02,  -2.69074758e-01,  -1.60373306e-01,
         -2.85625942e-02,   9.10246091e-03,  -6.12170926e-02,
          8.16890024e-02,   2.12942953e-02,  -5.64675972e-02,
         -2.69113406e-01,  -1.40823672e-01,  -3.48261672e-01,
         -1.28067116e-01,   4.25191526e-02,  -3.94700199e-01,
         -2.01815780e-01,  -2.03297433e-01,  -3.67491439e-01,
          5.25858929e-03,  -1.43877151e-02,   2.18387494e-01,
         -4.26098282e-01,   2.53608228e-01,  -3.42132357e-01,
          1.26031496e-01,  -3.66547941e-01,  -2.48783593e-01,
         -2.88301240e-01,  -1.26186851e-01,   1.53047924e-01,
         -2.41470275e-01,  -4.93102109e-01,  -5.14292215e-01,
         -3.16185443e-01,   8.47296003e-02,  -1.41786879e-01,
         -4.01017673e-01,  -1.01239165e-01,   1.65025855e-01,
         -7.78098239e-02,  -6.81193731e-02,  -2.91719817e-01,
         -1.57599078e-01,   2.47512230e-01,  -4.22122634e-01,
          9.25399433e-02],
       [ -4.04438094e-02,  -2.19736205e-01,  -3.28428428e-02,
          1.05339195e-01,   1.88857014e-01,  -3.86724727e-01,
          1.01802472e-01,  -3.09498142e-01,  -3.42083882e-01,
         -4.64535415e-02,  -1.90562261e-01,  -1.35895522e-02,
         -3.72447447e-02,   6.30287806e-02,  -6.72269395e-02,
          1.46450247e-01,   6.79071204e-02,   1.67050916e-01,
         -1.19877792e-01,   3.14689192e-02,  -2.36841796e-01,
          1.25502699e-01,  -1.53861284e-01,   1.86624973e-03,
         -4.29617372e-01,  -9.84430337e-02,  -6.47700021e-02,
         -3.57417294e-01,  -2.44249417e-02,  -1.57482709e-01,
         -2.32826505e-01,   9.80727401e-03,   9.37869117e-02,
          4.12928224e-02,  -3.02134835e-01,  -1.88036182e-01,
          1.40943381e-01,  -1.09189281e-01,   3.67691881e-02,
          5.47691964e-02,   1.60404742e-02,  -3.55900204e-02,
          9.58730268e-02,   1.01144223e-01,  -5.96711034e-02,
          5.93981741e-02,  -2.27285542e-01,  -1.73663866e-01,
          2.69205960e-01,  -1.33596950e-02,  -9.29085506e-02,
         -2.55827914e-01,   3.18423776e-01,  -2.22810860e-01,
          6.37921755e-02,   4.71100443e-02,  -4.04599052e-01,
          3.67139631e-02,   3.45188353e-02,   9.28295823e-02,
          2.33740067e-02,   1.50336960e-01,   5.37033072e-02,
         -6.82823820e-02,  -1.37358212e-01,  -8.13146497e-02,
          8.29205665e-02,  -2.72003106e-01,   2.72873022e-02,
         -2.06432632e-01,  -1.03811310e-01,  -1.45428127e-01,
         -5.65628027e-02,  -3.74337030e-01,   2.15875931e-01,
         -2.10923752e-01,  -2.51945760e-01,  -1.52370293e-01,
         -2.06408333e-01,  -2.82151567e-01,  -1.74126328e-01,
          6.62573859e-02,  -8.72744023e-02,   1.18468435e-01,
          6.66790196e-02,  -2.97467987e-01,   7.30447633e-02,
         -1.26378073e-01,   1.12272493e-01,  -2.22709539e-01,
          5.44682821e-02,  -2.22763994e-01,  -1.69562313e-01,
         -1.11798501e-01,  -6.70748197e-02,  -1.84758296e-01,
         -1.00522087e-01,   1.06779059e-01,  -8.89241737e-02,
         -3.14611911e-01],
       [  3.07579871e-01,  -5.31278325e-01,  -1.66892605e-01,
          5.48840081e-02,   1.52345406e-01,  -3.38626303e-01,
          2.30152240e-01,  -1.12406820e-02,  -4.38435925e-01,
         -4.47474612e-01,  -1.91597276e-01,  -7.67169588e-02,
          3.97461997e-02,  -4.88052296e-01,   2.44621283e-01,
          4.74765881e-02,  -1.73668174e-01,   5.90179797e-02,
         -1.51850392e-01,  -3.11991674e-01,  -4.12682760e-01,
         -3.33810022e-02,   4.82278388e-02,  -9.69997550e-02,
         -3.75395538e-01,  -4.40443822e-02,  -3.52697815e-01,
         -1.32875665e-01,   2.43761788e-01,   1.50168435e-01,
          3.58659138e-01,  -1.43851911e-01,  -3.27597159e-01,
         -4.05123621e-01,  -1.83409626e-01,  -4.17959791e-01,
         -3.59894765e-01,  -1.55300305e-01,   4.35526806e-03,
         -2.00644414e-01,  -7.40421450e-02,  -5.95771708e-03,
          1.29828887e-01,  -2.05170208e-03,  -1.15323241e-01,
         -1.30996073e-02,  -1.26744931e-01,  -1.56104706e-01,
          9.06318493e-02,   2.61373294e-01,   1.97916509e-01,
         -6.91784680e-02,   3.46584899e-01,  -6.82943833e-02,
          6.34918878e-02,  -2.07374767e-01,  -3.39550856e-02,
          1.91385931e-01,   1.22858967e-01,   1.69459309e-01,
          3.69138192e-01,  -1.49003441e-01,  -1.35296147e-01,
         -2.89555432e-02,  -7.56790281e-02,  -2.37685698e-01,
         -2.44440093e-01,  -5.60503631e-01,  -2.60927127e-02,
          3.14750596e-01,   2.29497012e-01,  -1.92060097e-01,
          1.32038205e-01,  -2.73282724e-01,  -2.52822733e-02,
          1.31836485e-01,   3.28886482e-01,   1.40829655e-01,
         -3.64624073e-01,  -6.70066879e-01,  -2.41154020e-01,
         -2.79249984e-01,  -3.80714410e-01,   1.34529164e-01,
         -2.30549178e-01,   1.18143753e-01,  -4.22593517e-01,
         -2.94199006e-01,  -1.89236530e-01,  -1.59586312e-01,
         -2.57422272e-01,   1.72631389e-02,   3.08184070e-01,
         -2.65199205e-01,   4.47026162e-03,  -5.04863588e-01,
         -4.86913883e-02,  -6.00412913e-02,   8.49303304e-02,
         -2.69672044e-01],
       [ -6.61931839e-02,  -3.15095523e-01,  -3.77859411e-01,
          8.62043254e-02,   1.32099788e-01,  -1.98761627e-01,
          1.40496417e-02,   2.33200492e-01,  -3.56152674e-01,
         -1.92117535e-01,  -3.38802149e-02,   4.73560793e-02,
         -9.22657339e-02,  -1.02602864e-01,  -1.46533843e-01,
         -1.91532615e-01,   1.71498959e-01,   6.01908477e-02,
         -2.15275998e-01,  -9.52128974e-02,  -2.99733722e-01,
          2.89397291e-01,   5.03514387e-02,  -1.27007837e-01,
          7.92637050e-02,  -2.26575379e-01,  -4.23575597e-02,
          1.86753280e-01,   1.20684839e-01,   3.67481206e-02,
          1.37795646e-02,  -2.16340042e-01,  -1.10322207e-02,
         -3.19875479e-01,   8.91767806e-02,  -1.05814485e-01,
          1.20715112e-01,  -1.03607887e-01,   5.84151371e-02,
         -2.26422348e-01,   1.87099849e-01,  -9.98870975e-02,
         -4.93209488e-02,   1.08704362e-01,   4.28919460e-02,
         -2.08358061e-01,  -2.68395033e-02,  -4.24307738e-02,
          1.29535078e-03,   2.74286627e-02,  -5.96824163e-02,
         -2.23474951e-01,   1.54531805e-01,   8.24359680e-02,
         -2.69294237e-01,   4.23542381e-02,  -1.32698145e-01,
         -1.62810041e-01,   1.09484404e-02,   2.51788827e-01,
         -8.69841405e-02,   1.25132642e-01,   2.53400062e-02,
         -1.63511213e-01,   3.39870926e-04,  -2.49087234e-01,
         -6.13343402e-03,  -1.07505488e-02,  -2.62817143e-01,
          2.02334094e-01,  -2.32845107e-01,  -2.64433112e-01,
         -2.75293547e-02,  -1.56366618e-01,  -1.99255758e-01,
         -7.49824323e-02,  -2.00801922e-01,  -4.58919277e-02,
         -2.77083241e-01,  -2.31378119e-01,  -1.72802237e-01,
         -3.89264782e-01,  -6.55308037e-02,  -1.42325471e-01,
         -5.87580081e-02,  -1.50608547e-01,  -6.18986399e-02,
         -6.28838766e-02,   1.49578210e-01,   8.96239670e-02,
         -3.02607476e-02,  -7.85245546e-02,  -6.56775818e-02,
         -2.37464207e-01,   2.27521767e-02,   6.52418249e-02,
         -1.29359449e-01,  -8.43914341e-02,  -1.68986074e-01,
         -8.51030975e-02]])
